1787956216.602 >>> HELLO
1787956216.636 device NEZHA2 robot gopiv 2175407711
1787956217.660 >>> VER
1787956217.696 ver 0.20260827.2
1787956218.708 >>> STATUS
1787956218.735 status ready=0 active=0 connL=0 connR=0 otos=0 wedge=0 flags=0 i2cf=0 cyc=0 tlm=off next=1 done=0 reason=none
1787956219.744 >>> TLM POSE #1
1787956219.798 ack 1 0 none
1787956219.809 thdr seq now flags x y h ox oy oh vl vr i2cf
1787956219.811 t 1 890681 0 0 0 0 0 0 0 0 0 0
1787956219.866 t 2 890737 0 0 0 0 0 0 0 0 0 0
1787956219.921 t 3 890793 0 0 0 0 0 0 0 0 0 0
1787956219.978 t 4 890849 0 0 0 0 0 0 0 0 0 0
1787956220.033 t 5 890905 0 0 0 0 0 0 0 0 0 0
1787956220.086 t 6 890961 0 0 0 0 0 0 0 0 0 0
1787956220.148 t 7 891017 0 0 0 0 0 0 0 0 0 0
1787956220.201 t 8 891073 0 0 0 0 0 0 0 0 0 0
1787956220.259 t 9 891129 0 0 0 0 0 0 0 0 0 0
1787956220.313 t 10 891185 0 0 0 0 0 0 0 0 0 0
1787956220.369 t 11 891241 0 0 0 0 0 0 0 0 0 0
1787956220.425 t 12 891297 0 0 0 0 0 0 0 0 0 0
1787956220.488 t 13 891353 0 0 0 0 0 0 0 0 0 0
1787956220.537 t 14 891409 0 0 0 0 0 0 0 0 0 0
1787956220.594 t 15 891465 0 0 0 0 0 0 0 0 0 0
1787956220.650 t 16 891521 0 0 0 0 0 0 0 0 0 0
1787956220.711 t 17 891577 0 0 0 0 0 0 0 0 0 0
1787956220.758 t 18 891633 0 0 0 0 0 0 0 0 0 0
1787956220.817 t 19 891689 0 0 0 0 0 0 0 0 0 0
1787956220.875 thdr seq now flags x y h ox oy oh vl vr i2cf
1787956220.875 t 20 891745 0 0 0 0 0 0 0 0 0 0
1787956220.928 t 21 891801 0 0 0 0 0 0 0 0 0 0
1787956221.024 t 22 891857 0 0 0 0 0 0 0 0 0 0
1787956221.044 t 23 891913 0 0 0 0 0 0 0 0 0 0
1787956221.111 t 24 891969 0 0 0 0 0 0 0 0 0 0
1787956221.177 t 25 892025 0 0 0 0 0 0 0 0 0 0
1787956221.214 t 26 892081 0 0 0 0 0 0 0 0 0 0
1787956221.268 >>> WHEELS_V 100 100 500 #2
1787956221.270 t 27 892137 0 0 0 0 0 0 0 0 0 0
1787956221.278 ack 2 0 none
1787956221.340 t 28 892205 31 0 0 23 0 0 0 6 23 0
1787956221.413 t 29 892277 31 3 0 -105 0 0 0 56 20 0
1787956221.490 t 30 892349 31 7 0 -218 0 0 0 82 56 0
1787956221.555 t 31 892421 31 13 0 -241 0 0 0 82 102 0
1787956221.622 t 32 892493 31 21 -1 -252 0 0 0 108 108 0
1787956221.695 t 33 892565 31 28 -1 -218 0 0 0 118 128 0
1787956221.766 t 34 892637 31 36 -1 -169 0 0 0 108 108 0
1787956221.822 t 35 892693 31 39 -1 -147 0 0 0 108 128 0
1787956221.877 t 36 892749 31 39 -1 -147 0 0 0 108 128 0
1787956221.933 t 37 892805 31 39 -1 -147 0 0 0 108 128 0
1787956221.991 t 38 892861 31 39 -1 -147 0 0 0 108 128 0
1787956222.047 thdr seq now flags x y h ox oy oh vl vr i2cf
1787956222.047 t 39 892917 31 39 -1 -147 0 0 0 108 128 0
1787956222.099 t 40 892973 31 39 -1 -147 0 0 0 108 128 0
1787956222.156 t 41 893029 31 39 -1 -147 0 0 0 108 128 0
1787956222.213 t 42 893085 31 39 -1 -147 0 0 0 108 128 0
1787956222.269 t 43 893141 31 39 -1 -147 0 0 0 108 128 0
1787956222.333 t 44 893197 31 39 -1 -147 0 0 0 108 128 0
1787956222.385 t 45 893255 31 39 -1 -147 0 0 0 108 128 0
1787956222.437 t 46 893309 31 39 -1 -147 0 0 0 108 128 0
1787956222.488 t 47 893359 31 39 -1 -147 0 0 0 108 128 0
1787956222.541 t 48 893413 31 39 -1 -147 0 0 0 108 128 0
1787956222.589 t 49 893463 31 39 -1 -147 0 0 0 108 128 0
1787956222.645 t 50 893517 31 39 -1 -147 0 0 0 108 128 0
1787956222.694 t 51 893567 31 39 -1 -147 0 0 0 108 128 0
1787956222.749 t 52 893621 31 39 -1 -147 0 0 0 108 128 0
1787956222.802 t 53 893671 31 39 -1 -147 0 0 0 108 128 0
1787956222.853 t 54 893725 31 39 -1 -147 0 0 0 108 128 0
1787956222.904 t 55 893775 31 39 -1 -147 0 0 0 108 128 0
1787956222.956 t 56 893829 31 39 -1 -147 0 0 0 108 128 0
1787956223.007 t 57 893879 31 39 -1 -147 0 0 0 108 128 0
1787956223.061 thdr seq now flags x y h ox oy oh vl vr i2cf
1787956223.063 t 58 893933 31 39 -1 -147 0 0 0 108 128 0
1787956223.111 t 59 893983 31 39 -1 -147 0 0 0 108 128 0
1787956223.165 t 60 894037 31 39 -1 -147 0 0 0 108 128 0
1787956223.214 t 61 894087 31 39 -1 -147 0 0 0 108 128 0
1787956223.269 t 62 894141 31 39 -1 -147 0 0 0 108 128 0
1787956223.317 t 63 894191 31 39 -1 -147 0 0 0 108 128 0
1787956223.375 t 64 894245 31 39 -1 -147 0 0 0 108 128 0
1787956223.421 >>> STATUS
1787956223.427 t 65 894295 31 39 -1 -147 0 0 0 108 128 0
1787956223.445 status ready=1 active=1 connL=1 connR=1 otos=0 wedge=0 flags=31 i2cf=0 cyc=21 tlm=pose next=3 done=2 reason=timeout
1787956223.475 t 66 894349 31 39 -1 -147 0 0 0 108 128 0
1787956223.531 t 67 894399 31 39 -1 -147 0 0 0 108 128 0
1787956223.580 t 68 894453 31 39 -1 -147 0 0 0 108 128 0
1787956223.632 t 69 894503 31 39 -1 -147 0 0 0 108 128 0
1787956223.684 t 70 894557 31 39 -1 -147 0 0 0 108 128 0
1787956223.737 t 71 894607 31 39 -1 -147 0 0 0 108 128 0
1787956223.871 t 72 894661 31 39 -1 -147 0 0 0 108 128 0
1787956223.871 t 73 894711 31 39 -1 -147 0 0 0 108 128 0
1787956223.893 t 74 894765 31 39 -1 -147 0 0 0 108 128 0
1787956223.945 t 75 894815 31 39 -1 -147 0 0 0 108 128 0
1787956223.999 t 76 894869 31 39 -1 -147 0 0 0 108 128 0
1787956224.048 thdr seq now flags x y h ox oy oh vl vr i2cf
1787956224.048 t 77 894919 31 39 -1 -147 0 0 0 108 128 0
1787956224.098 t 78 894971 31 39 -1 -147 0 0 0 108 128 0
1787956224.194 t 79 895025 31 39 -1 -147 0 0 0 108 128 0
1787956224.203 t 80 895075 31 39 -1 -147 0 0 0 108 128 0
1787956224.257 t 81 895129 31 39 -1 -147 0 0 0 108 128 0
1787956224.306 t 82 895179 31 39 -1 -147 0 0 0 108 128 0
1787956224.360 t 83 895233 31 39 -1 -147 0 0 0 108 128 0
1787956224.409 t 84 895283 31 39 -1 -147 0 0 0 108 128 0
1787956224.461 >>> WHEELS_V 2000 2000 3000 #3
1787956224.464 t 85 895337 31 39 -1 -147 0 0 0 108 128 0
1787956224.469 ack 3 2 timeout
1787956224.524 t 86 895397 31 59 -2 -23 0 0 0 34 31 0
1787956224.595 t 87 895469 31 80 -2 -83 0 0 0 456 411 0
1787956224.668 t 88 895541 31 123 -3 -230 0 0 0 647 591 0
1787956224.741 t 89 895613 31 171 -6 -459 0 0 0 729 673 0
1787956224.812 t 90 895685 31 223 -11 -587 0 0 0 723 712 0
1787956224.893 t 91 895757 31 275 -17 -689 0 0 0 744 712 0
1787956224.957 t 92 895829 31 327 -24 -771 0 0 0 748 702 0
1787956225.039 t 93 895901 31 378 -31 -877 0 0 0 739 693 0
1787956225.101 t 94 895973 31 430 -40 -1016 0 0 0 747 709 0
1787956225.174 t 95 896045 31 482 -50 -1159 0 0 0 755 712 0
1787956225.253 thdr seq now flags x y h ox oy oh vl vr i2cf
1787956225.253 t 96 896117 31 534 -61 -1253 0 0 0 755 739 0
1787956225.319 t 97 896189 31 586 -73 -1347 0 0 0 739 720 0
1787956225.390 t 98 896261 31 637 -86 -1445 0 0 0 749 709 0
1787956225.461 t 99 896333 31 688 -100 -1547 0 0 0 748 712 0
1787956225.535 t 100 896405 31 739 -115 -1693 0 0 0 768 713 0
1787956225.611 t 101 896477 31 790 -131 -1810 0 0 0 768 738 0
1787956225.687 t 102 896549 31 841 -148 -1848 0 0 0 746 748 0
1787956225.748 t 103 896621 31 892 -166 -1934 0 0 0 756 729 0
1787956225.821 t 104 896693 31 942 -184 -2017 0 0 0 755 711 0
1787956225.893 t 105 896765 31 992 -203 -2175 0 0 0 764 719 0
1787956225.967 t 106 896837 31 1042 -223 -2276 0 0 0 765 739 0
1787956226.037 t 107 896909 31 1091 -245 -2352 0 0 0 748 739 0
1787956226.113 t 108 896981 31 1141 -267 -2412 0 0 0 765 739 0
1787956226.183 t 109 897053 31 1190 -289 -2529 0 0 0 791 729 0
1787956226.253 t 110 897125 31 1238 -312 -2623 0 0 0 775 722 0
1787956226.337 t 111 897197 31 1286 -337 -2728 0 0 0 765 739 0
1787956226.398 t 112 897269 31 1334 -362 -2822 0 0 0 765 712 0
1787956226.468 t 113 897341 31 1381 -388 -2811 0 0 0 745 755 0
1787956226.543 t 114 897413 31 1429 -414 -2886 0 0 0 765 739 0
1787956226.612 thdr seq now flags x y h ox oy oh vl vr i2cf
1787956226.615 t 115 897485 31 1476 -440 -2980 0 0 0 775 738 0
1787956226.686 t 116 897557 31 1522 -468 -3112 0 0 0 782 748 0
1787956226.756 t 117 897629 31 1569 -497 -3210 0 0 0 765 738 0
1787956226.837 t 118 897701 31 1615 -526 -3210 0 0 0 748 748 0
1787956226.901 t 119 897773 31 1660 -555 -3259 0 0 0 765 739 0
1787956226.975 t 120 897845 31 1706 -585 -3345 0 0 0 754 739 0
1787956227.045 t 121 897917 31 1751 -615 -3481 0 0 0 775 748 0
1787956227.116 t 122 897989 31 1795 -647 -3575 0 0 0 765 745 0
1787956227.189 t 123 898061 31 1839 -679 -3616 0 0 0 755 765 0
1787956227.261 t 124 898133 31 1883 -712 -3669 0 0 0 758 748 0
1787956227.333 t 125 898205 31 1926 -745 -3782 0 0 0 775 729 0
1787956227.405 t 126 898277 31 1968 -779 -3910 0 0 0 712 749 0
1787956227.479 t 127 898349 31 2010 -814 -4056 0 0 0 785 738 0
1787956227.533 t 0 898405 31 2010 -814 -4056 0 0 0 785 738 0
1787956227.582 t 1 898455 31 2010 -814 -4056 0 0 0 785 738 0
1787956227.637 t 2 898509 31 2010 -814 -4056 0 0 0 785 738 0
1787956227.689 t 3 898559 31 2010 -814 -4056 0 0 0 785 738 0
1787956227.741 t 4 898613 31 2010 -814 -4056 0 0 0 785 738 0
1787956227.790 t 5 898663 31 2010 -814 -4056 0 0 0 785 738 0
1787956227.846 thdr seq now flags x y h ox oy oh vl vr i2cf
1787956227.848 t 6 898717 31 2010 -814 -4056 0 0 0 785 738 0
1787956227.897 t 7 898767 31 2010 -814 -4056 0 0 0 785 738 0
1787956227.949 t 8 898821 31 2010 -814 -4056 0 0 0 785 738 0
1787956228.002 t 9 898871 31 2010 -814 -4056 0 0 0 785 738 0
1787956228.053 t 10 898925 31 2010 -814 -4056 0 0 0 785 738 0
1787956228.105 t 11 898975 31 2010 -814 -4056 0 0 0 785 738 0
1787956228.157 t 12 899029 31 2010 -814 -4056 0 0 0 785 738 0
1787956228.207 t 13 899079 31 2010 -814 -4056 0 0 0 785 738 0
1787956228.263 t 14 899133 31 2010 -814 -4056 0 0 0 785 738 0
1787956228.312 t 15 899183 31 2010 -814 -4056 0 0 0 785 738 0
1787956228.375 t 16 899237 31 2010 -814 -4056 0 0 0 785 738 0
1787956228.414 t 17 899287 31 2010 -814 -4056 0 0 0 785 738 0
1787956228.477 t 18 899341 31 2010 -814 -4056 0 0 0 785 738 0
1787956228.519 t 19 899391 31 2010 -814 -4056 0 0 0 785 738 0
1787956228.578 t 20 899445 31 2010 -814 -4056 0 0 0 785 738 0
1787956228.623 t 21 899495 31 2010 -814 -4056 0 0 0 785 738 0
1787956228.685 t 22 899549 31 2010 -814 -4056 0 0 0 785 738 0
1787956228.732 t 23 899599 31 2010 -814 -4056 0 0 0 785 738 0
1787956228.785 t 24 899653 31 2010 -814 -4056 0 0 0 785 738 0
1787956228.840 thdr seq now flags x y h ox oy oh vl vr i2cf
1787956228.844 t 25 899703 31 2010 -814 -4056 0 0 0 785 738 0
1787956228.888 t 26 899755 31 2010 -814 -4056 0 0 0 785 738 0
1787956228.937 t 27 899809 31 2010 -814 -4056 0 0 0 785 738 0
1787956228.990 t 28 899859 31 2010 -814 -4056 0 0 0 785 738 0
1787956229.041 t 29 899913 31 2010 -814 -4056 0 0 0 785 738 0
1787956229.092 t 30 899963 31 2010 -814 -4056 0 0 0 785 738 0
1787956229.144 t 31 900017 31 2010 -814 -4056 0 0 0 785 738 0
1787956229.197 t 32 900067 31 2010 -814 -4056 0 0 0 785 738 0
1787956229.249 t 33 900121 31 2010 -814 -4056 0 0 0 785 738 0
1787956229.303 t 34 900171 31 2010 -814 -4056 0 0 0 785 738 0
1787956229.351 >>> STATUS
1787956229.355 t 35 900225 31 2010 -814 -4056 0 0 0 785 738 0
1787956229.373 status ready=1 active=1 connL=1 connR=1 otos=0 wedge=0 flags=31 i2cf=0 cyc=146 tlm=pose next=4 done=3 reason=timeout
1787956229.402 t 36 900275 31 2010 -814 -4056 0 0 0 785 738 0
1787956229.460 t 37 900329 31 2010 -814 -4056 0 0 0 785 738 0
1787956229.508 t 38 900379 31 2010 -814 -4056 0 0 0 785 738 0
1787956229.562 t 39 900433 31 2010 -814 -4056 0 0 0 785 738 0
1787956229.610 t 40 900483 31 2010 -814 -4056 0 0 0 785 738 0
1787956229.665 t 41 900537 31 2010 -814 -4056 0 0 0 785 738 0
1787956229.714 t 42 900587 31 2010 -814 -4056 0 0 0 785 738 0
1787956229.769 t 43 900641 31 2010 -814 -4056 0 0 0 785 738 0
1787956229.818 thdr seq now flags x y h ox oy oh vl vr i2cf
1787956229.823 t 44 900691 31 2010 -814 -4056 0 0 0 785 738 0
1787956229.877 t 45 900743 31 2010 -814 -4056 0 0 0 785 738 0
1787956229.926 t 46 900797 31 2010 -814 -4056 0 0 0 785 738 0
1787956229.975 t 47 900847 31 2010 -814 -4056 0 0 0 785 738 0
1787956230.028 t 48 900901 31 2010 -814 -4056 0 0 0 785 738 0
1787956230.079 t 49 900951 31 2010 -814 -4056 0 0 0 785 738 0
1787956230.133 t 50 901005 31 2010 -814 -4056 0 0 0 785 738 0
1787956230.185 t 51 901055 31 2010 -814 -4056 0 0 0 785 738 0
1787956230.237 t 52 901109 31 2010 -814 -4056 0 0 0 785 738 0
1787956230.288 t 53 901159 31 2010 -814 -4056 0 0 0 785 738 0
1787956230.339 t 54 901213 31 2010 -814 -4056 0 0 0 785 738 0
1787956231.386 t 55 901263 31 2010 -814 -4056 0 0 0 785 738 0
1787956231.386 t 56 901317 31 2010 -814 -4056 0 0 0 785 738 0
1787956231.386 t 57 901367 31 2010 -814 -4056 0 0 0 785 738 0
1787956231.386 t 58 901421 31 2010 -814 -4056 0 0 0 785 738 0
1787956231.386 t 59 901471 31 2010 -814 -4056 0 0 0 785 738 0
1787956231.386 t 60 901525 31 2010 -814 -4056 0 0 0 785 738 0
1787956231.386 t 61 901575 31 2010 -814 -4056 0 0 0 785 738 0
1787956231.386 t 62 901629 31 2010 -814 -4056 0 0 0 785 738 0
1787956231.386 thdr seq now flags x y h ox oy oh vl vr i2cf
1787956231.386 t 63 901679 31 2010 -814 -4056 0 0 0 785 738 0
1787956231.386 t 64 901731 31 2010 -814 -4056 0 0 0 785 738 0
1787956231.386 t 65 901785 31 2010 -814 -4056 0 0 0 785 738 0
1787956231.386 t 66 901835 31 2010 -814 -4056 0 0 0 785 738 0
1787956231.386 t 67 901889 31 2010 -814 -4056 0 0 0 785 738 0
1787956231.386 t 68 901939 31 2010 -814 -4056 0 0 0 785 738 0
1787956231.386 t 69 901993 31 2010 -814 -4056 0 0 0 785 738 0
1787956231.386 t 70 902043 31 2010 -814 -4056 0 0 0 785 738 0
1787956231.386 t 71 902097 31 2010 -814 -4056 0 0 0 785 738 0
1787956231.386 t 72 902147 31 2010 -814 -4056 0 0 0 785 738 0
1787956231.388 t 73 902201 31 2010 -814 -4056 0 0 0 785 738 0
1787956231.388 t 74 902251 31 2010 -814 -4056 0 0 0 785 738 0
1787956231.432 t 75 902305 31 2010 -814 -4056 0 0 0 785 738 0
1787956231.483 t 76 902355 31 2010 -814 -4056 0 0 0 785 738 0
1787956231.537 t 77 902409 31 2010 -814 -4056 0 0 0 785 738 0
1787956231.587 t 78 902459 31 2010 -814 -4056 0 0 0 785 738 0
1787956231.648 t 79 902513 31 2010 -814 -4056 0 0 0 785 738 0
1787956231.692 t 80 902563 31 2010 -814 -4056 0 0 0 785 738 0
1787956231.752 t 81 902617 31 2010 -814 -4056 0 0 0 785 738 0
1787956231.794 thdr seq now flags x y h ox oy oh vl vr i2cf
1787956231.798 t 82 902667 31 2010 -814 -4056 0 0 0 785 738 0
1787956231.848 t 83 902719 31 2010 -814 -4056 0 0 0 785 738 0
1787956231.901 t 84 902773 31 2010 -814 -4056 0 0 0 785 738 0
1787956231.956 t 85 902823 31 2010 -814 -4056 0 0 0 785 738 0
1787956232.004 t 86 902877 31 2010 -814 -4056 0 0 0 785 738 0
1787956232.059 t 87 902927 31 2010 -814 -4056 0 0 0 785 738 0
1787956232.108 t 88 902981 31 2010 -814 -4056 0 0 0 785 738 0
1787956232.165 t 89 903031 31 2010 -814 -4056 0 0 0 785 738 0
1787956232.214 t 90 903085 31 2010 -814 -4056 0 0 0 785 738 0
1787956232.267 t 91 903135 31 2010 -814 -4056 0 0 0 785 738 0
1787956232.317 t 92 903189 31 2010 -814 -4056 0 0 0 785 738 0
1787956232.371 t 93 903239 31 2010 -814 -4056 0 0 0 785 738 0
1787956232.420 >>> WHEELS_V -2000 -2000 3000 #4
1787956232.422 t 94 903293 31 2010 -814 -4056 0 0 0 785 738 0
1787956232.433 ack 4 3 timeout
1787956232.488 t 95 903361 31 2135 -944 -5163 0 0 0 -39 -31 0
1787956232.561 t 96 903433 31 2120 -926 -4944 0 0 0 -509 -431 0
1787956232.634 t 97 903505 31 2090 -893 -4628 0 0 0 -703 -610 0
1787956232.704 t 98 903577 31 2055 -858 -4455 0 0 0 -719 -702 0
1787956232.779 t 99 903649 31 2018 -821 -4474 0 0 0 -729 -748 0
1787956232.849 t 100 903721 31 1980 -784 -4497 0 0 0 -748 -768 0
1787956232.921 thdr seq now flags x y h ox oy oh vl vr i2cf
1787956232.923 t 101 903793 31 1942 -746 -4440 0 0 0 -748 -729 0
1787956232.993 t 102 903865 31 1903 -710 -4369 0 0 0 -739 -729 0
1787956233.072 t 103 903937 31 1864 -673 -4350 0 0 0 -748 -748 0
1787956233.135 t 104 904009 31 1826 -636 -4369 0 0 0 -739 -739 0
1787956233.209 t 105 904081 31 1787 -599 -4369 0 0 0 -755 -745 0
1787956233.291 t 106 904153 31 1748 -562 -4338 0 0 0 -755 -739 0
1787956233.352 t 107 904225 31 1709 -525 -4263 0 0 0 -739 -729 0
1787956233.426 t 108 904297 31 1669 -489 -4244 0 0 0 -748 -748 0
1787956233.498 t 109 904369 31 1629 -453 -4267 0 0 0 -751 -758 0
1787956233.570 t 110 904441 31 1589 -416 -4282 0 0 0 -748 -754 0
1787956233.641 t 111 904513 31 1550 -379 -4275 0 0 0 -758 -739 0
1787956233.714 t 112 904585 31 1510 -343 -4222 0 0 0 -768 -738 0
1787956233.786 t 113 904657 31 1470 -308 -4203 0 0 0 -748 -748 0
1787956233.859 t 114 904729 31 1430 -272 -4203 0 0 0 -745 -749 0
1787956233.929 t 115 904801 31 1390 -235 -4244 0 0 0 -748 -768 0
1787956234.007 t 116 904873 31 1350 -199 -4222 0 0 0 -748 -748 0
1787956234.072 t 117 904945 31 1310 -163 -4162 0 0 0 -764 -732 0
1787956234.146 t 118 905017 31 1269 -127 -4105 0 0 0 -748 -745 0
1787956234.218 t 119 905089 31 1228 -92 -4116 0 0 0 -748 -756 0
1787956234.291 thdr seq now flags x y h ox oy oh vl vr i2cf
1787956234.293 t 120 905161 31 1188 -56 -4203 0 0 0 -719 -766 0
1787956234.361 t 121 905233 31 1147 -20 -4226 0 0 0 -756 -758 0
1787956234.436 t 122 905305 31 1107 16 -4120 0 0 0 -802 -732 0
1787956234.505 t 123 905377 31 1067 51 -4116 0 0 0 -739 -745 0
1787956234.580 t 124 905449 31 1026 86 -4105 0 0 0 -739 -755 0
1787956234.649 t 125 905521 31 985 122 -4120 0 0 0 -748 -712 0
1787956234.727 t 126 905593 31 944 158 -4150 0 0 0 -758 -768 0
1787956234.793 t 127 905665 31 903 193 -4116 0 0 0 -748 -745 0
1787956234.867 t 0 905737 31 862 229 -4098 0 0 0 -764 -748 0
1787956234.936 t 1 905809 31 821 264 -4079 0 0 0 -755 -739 0
1787956235.009 t 2 905881 31 780 299 -4116 0 0 0 -748 -759 0
1787956235.081 t 3 905953 31 739 335 -4158 0 0 0 -748 -756 0
1787956235.153 t 4 906025 31 698 371 -4120 0 0 0 -775 -759 0
1787956235.237 t 5 906097 31 657 406 -4075 0 0 0 -758 -739 0
1787956235.297 t 6 906169 31 616 441 -4015 0 0 0 -765 -748 0
1787956235.372 t 7 906241 31 574 476 -4056 0 0 0 -756 -775 0
1787956235.447 t 8 906313 31 533 512 -4056 0 0 0 -759 -758 0
1787956235.500 t 9 906369 31 533 512 -4056 0 0 0 -759 -758 0
1787956235.553 t 10 906425 31 533 512 -4056 0 0 0 -759 -758 0
1787956235.610 thdr seq now flags x y h ox oy oh vl vr i2cf
1787956235.612 t 11 906481 31 533 512 -4056 0 0 0 -759 -758 0
1787956235.665 t 12 906537 31 533 512 -4056 0 0 0 -759 -758 0
1787956235.722 t 13 906593 31 533 512 -4056 0 0 0 -759 -758 0
1787956235.777 t 14 906649 31 533 512 -4056 0 0 0 -759 -758 0
1787956235.833 t 15 906705 31 533 512 -4056 0 0 0 -759 -758 0
1787956235.889 t 16 906761 31 533 512 -4056 0 0 0 -759 -758 0
1787956235.951 t 17 906817 31 533 512 -4056 0 0 0 -759 -758 0
1787956236.002 t 18 906873 31 533 512 -4056 0 0 0 -759 -758 0
1787956236.059 t 19 906931 31 533 512 -4056 0 0 0 -759 -758 0
1787956236.120 t 20 906985 31 533 512 -4056 0 0 0 -759 -758 0
1787956236.162 t 21 907035 31 533 512 -4056 0 0 0 -759 -758 0
1787956236.218 t 22 907089 31 533 512 -4056 0 0 0 -759 -758 0
1787956236.265 t 23 907139 31 533 512 -4056 0 0 0 -759 -758 0
1787956236.321 t 24 907193 31 533 512 -4056 0 0 0 -759 -758 0
1787956236.370 t 25 907243 31 533 512 -4056 0 0 0 -759 -758 0
1787956236.425 t 26 907297 31 533 512 -4056 0 0 0 -759 -758 0
1787956236.474 t 27 907347 31 533 512 -4056 0 0 0 -759 -758 0
1787956236.529 t 28 907401 31 533 512 -4056 0 0 0 -759 -758 0
1787956236.578 t 29 907451 31 533 512 -4056 0 0 0 -759 -758 0
1787956236.634 thdr seq now flags x y h ox oy oh vl vr i2cf
1787956236.636 t 30 907505 31 533 512 -4056 0 0 0 -759 -758 0
1787956236.683 t 31 907555 31 533 512 -4056 0 0 0 -759 -758 0
1787956236.737 t 32 907609 31 533 512 -4056 0 0 0 -759 -758 0
1787956236.788 t 33 907659 31 533 512 -4056 0 0 0 -759 -758 0
1787956236.844 t 34 907713 31 533 512 -4056 0 0 0 -759 -758 0
1787956236.893 t 35 907763 31 533 512 -4056 0 0 0 -759 -758 0
1787956236.951 t 36 907817 31 533 512 -4056 0 0 0 -759 -758 0
1787956236.994 t 37 907867 31 533 512 -4056 0 0 0 -759 -758 0
1787956237.049 t 38 907921 31 533 512 -4056 0 0 0 -759 -758 0
1787956237.097 t 39 907971 31 533 512 -4056 0 0 0 -759 -758 0
1787956237.154 t 40 908025 31 533 512 -4056 0 0 0 -759 -758 0
1787956237.202 t 41 908075 31 533 512 -4056 0 0 0 -759 -758 0
1787956237.259 t 42 908129 31 533 512 -4056 0 0 0 -759 -758 0
1787956237.301 >>> STATUS
1787956237.307 t 43 908179 31 533 512 -4056 0 0 0 -759 -758 0
1787956237.325 status ready=1 active=1 connL=1 connR=1 otos=0 wedge=0 flags=31 i2cf=0 cyc=271 tlm=pose next=5 done=4 reason=timeout
1787956237.361 t 44 908233 31 533 512 -4056 0 0 0 -759 -758 0
1787956237.412 t 45 908283 31 533 512 -4056 0 0 0 -759 -758 0
1787956237.466 t 46 908337 31 533 512 -4056 0 0 0 -759 -758 0
1787956237.516 t 47 908387 31 533 512 -4056 0 0 0 -759 -758 0
1787956237.569 t 48 908441 31 533 512 -4056 0 0 0 -759 -758 0
1787956237.618 thdr seq now flags x y h ox oy oh vl vr i2cf
1787956237.622 t 49 908491 31 533 512 -4056 0 0 0 -759 -758 0
1787956237.671 t 50 908543 31 533 512 -4056 0 0 0 -759 -758 0
1787956237.727 t 51 908597 31 533 512 -4056 0 0 0 -759 -758 0
1787956237.775 t 52 908647 31 533 512 -4056 0 0 0 -759 -758 0
1787956237.831 t 53 908701 31 533 512 -4056 0 0 0 -759 -758 0
1787956237.878 t 54 908751 31 533 512 -4056 0 0 0 -759 -758 0
1787956237.935 t 55 908805 31 533 512 -4056 0 0 0 -759 -758 0
1787956237.982 t 56 908855 31 533 512 -4056 0 0 0 -759 -758 0
1787956238.046 t 57 908909 31 533 512 -4056 0 0 0 -759 -758 0
1787956238.118 t 58 908959 31 533 512 -4056 0 0 0 -759 -758 0
1787956238.139 t 59 909013 31 533 512 -4056 0 0 0 -759 -758 0
1787956238.190 t 60 909063 31 533 512 -4056 0 0 0 -759 -758 0
1787956238.245 t 61 909117 31 533 512 -4056 0 0 0 -759 -758 0
1787956238.305 t 62 909167 31 533 512 -4056 0 0 0 -759 -758 0
1787956238.306 >>> STOP #5
1787956238.328 ack 5 4 timeout
1787956238.348 t 63 909221 31 533 512 -4056 0 0 0 -759 -758 0
1787956238.401 t 64 909271 31 533 512 -4056 0 0 0 -759 -758 0
1787956238.454 t 65 909325 31 533 512 -4056 0 0 0 -759 -758 0
1787956238.553 t 66 909375 31 533 512 -4056 0 0 0 -759 -758 0
1787956238.567 t 67 909429 31 533 512 -4056 0 0 0 -759 -758 0
1787956238.622 thdr seq now flags x y h ox oy oh vl vr i2cf
1787956238.622 t 68 909479 31 533 512 -4056 0 0 0 -759 -758 0
1787956238.682 t 69 909531 31 533 512 -4056 0 0 0 -759 -758 0
1787956238.718 t 70 909585 31 533 512 -4056 0 0 0 -759 -758 0
1787956238.768 t 71 909635 31 533 512 -4056 0 0 0 -759 -758 0
1787956238.822 t 72 909689 31 533 512 -4056 0 0 0 -759 -758 0
1787956238.867 t 73 909739 31 533 512 -4056 0 0 0 -759 -758 0
1787956238.934 t 74 909793 31 533 512 -4056 0 0 0 -759 -758 0
1787956238.973 t 75 909843 31 533 512 -4056 0 0 0 -759 -758 0
1787956239.027 t 76 909897 31 533 512 -4056 0 0 0 -759 -758 0
1787956239.076 t 77 909947 31 533 512 -4056 0 0 0 -759 -758 0
1787956239.148 t 78 910001 31 533 512 -4056 0 0 0 -759 -758 0
1787956239.178 t 79 910051 31 533 512 -4056 0 0 0 -759 -758 0
1787956239.233 t 80 910105 31 533 512 -4056 0 0 0 -759 -758 0
1787956239.282 t 81 910155 31 533 512 -4056 0 0 0 -759 -758 0
1787956239.335 >>> TLM OFF #6
1787956239.342 t 82 910209 31 533 512 -4056 0 0 0 -759 -758 0
1787956239.350 ack 6 4 timeout
1787956240.353 >>> STATUS
1787956240.375 status ready=1 active=1 connL=1 connR=1 otos=0 wedge=0 flags=31 i2cf=0 cyc=271 tlm=off next=7 done=4 reason=timeout
