1787956325.340 >>> HELLO
1787956325.355 device NEZHA2 robot gopiv 2175407711
1787956326.360 >>> GET max_duty #1
1787956326.380 ack 1 4 timeout
1787956326.380 get max_duty 100.000008
1787956327.385 >>> GET full_duty_velocity #2
1787956327.405 ack 2 4 timeout
1787956327.408 get full_duty_velocity 10795.000977
1787956328.413 >>> GET pid_ki #3
1787956328.426 ack 3 4 timeout
1787956328.428 get pid_ki 6.000000
1787956329.432 >>> GET pid_i_max #4
1787956329.446 ack 4 4 timeout
1787956329.446 get pid_i_max 765.600037
1787956330.530 >>> GET pid_kp #5
1787956330.547 ack 5 4 timeout
1787956330.548 get pid_kp 0.000000
1787956331.582 >>> GET pid_kaff #6
1787956331.602 ack 6 4 timeout
1787956331.602 err 1 #6
1787956332.619 >>> GET pid_max #7
1787956332.639 ack 7 4 timeout
1787956332.639 get pid_max 1276.000000
1787956333.657 >>> GET twist_hold_gain #8
1787956333.679 ack 8 4 timeout
1787956333.679 get twist_hold_gain 2.000000
1787956334.682 >>> TLM FULL #9
1787956334.701 ack 9 4 timeout
1787956334.705 thdr seq now flags x y h ox oy oh vl vr i2cf cyc posl posr dutl dutr lexc wrng cycovr
1787956334.713 t 83 1005577 31 533 512 -4056 0 0 0 -759 -758 0 271 3394 2316 -10000 -10000 0 0 0
1787956334.767 t 84 1005629 31 533 512 -4056 0 0 0 -759 -758 0 271 3394 2316 -10000 -10000 0 0 0
1787956334.806 t 85 1005679 31 533 512 -4056 0 0 0 -759 -758 0 271 3394 2316 -10000 -10000 0 0 0
1787956334.869 t 86 1005731 31 533 512 -4056 0 0 0 -759 -758 0 271 3394 2316 -10000 -10000 0 0 0
1787956334.924 t 87 1005783 31 533 512 -4056 0 0 0 -759 -758 0 271 3394 2316 -10000 -10000 0 0 0
1787956334.963 t 88 1005835 31 533 512 -4056 0 0 0 -759 -758 0 271 3394 2316 -10000 -10000 0 0 0
1787956335.015 t 89 1005887 31 533 512 -4056 0 0 0 -759 -758 0 271 3394 2316 -10000 -10000 0 0 0
1787956335.076 t 90 1005939 31 533 512 -4056 0 0 0 -759 -758 0 271 3394 2316 -10000 -10000 0 0 0
1787956335.118 t 91 1005991 31 533 512 -4056 0 0 0 -759 -758 0 271 3394 2316 -10000 -10000 0 0 0
1787956335.175 t 92 1006043 31 533 512 -4056 0 0 0 -759 -758 0 271 3394 2316 -10000 -10000 0 0 0
1787956335.230 t 93 1006095 31 533 512 -4056 0 0 0 -759 -758 0 271 3394 2316 -10000 -10000 0 0 0
1787956335.279 t 94 1006147 31 533 512 -4056 0 0 0 -759 -758 0 271 3394 2316 -10000 -10000 0 0 0
1787956335.327 t 95 1006199 31 533 512 -4056 0 0 0 -759 -758 0 271 3394 2316 -10000 -10000 0 0 0
1787956335.381 t 96 1006251 31 533 512 -4056 0 0 0 -759 -758 0 271 3394 2316 -10000 -10000 0 0 0
1787956335.431 t 97 1006303 31 533 512 -4056 0 0 0 -759 -758 0 271 3394 2316 -10000 -10000 0 0 0
1787956335.485 t 98 1006355 31 533 512 -4056 0 0 0 -759 -758 0 271 3394 2316 -10000 -10000 0 0 0
1787956335.534 t 99 1006407 31 533 512 -4056 0 0 0 -759 -758 0 271 3394 2316 -10000 -10000 0 0 0
1787956335.588 t 100 1006459 31 533 512 -4056 0 0 0 -759 -758 0 271 3394 2316 -10000 -10000 0 0 0
1787956335.639 t 101 1006511 31 533 512 -4056 0 0 0 -759 -758 0 271 3394 2316 -10000 -10000 0 0 0
1787956335.687 >>> WHEELS_V 2000 2000 3000 #10
1787956335.692 thdr seq now flags x y h ox oy oh vl vr i2cf cyc posl posr dutl dutr lexc wrng cycovr
1787956335.697 t 102 1006563 31 533 512 -4056 0 0 0 -759 -758 0 271 3394 2316 -10000 -10000 0 0 0
1787956335.702 ack 10 4 timeout
1787956335.761 t 103 1006633 31 386 604 -2435 0 0 0 48 31 0 273 983 336 5000 5000 0 0 0
1787956335.832 t 104 1006705 31 406 595 -2581 0 0 0 493 430 0 276 1283 597 10000 10000 0 0 0
1787956335.903 t 105 1006777 31 444 576 -2863 0 0 0 693 584 0 279 1861 1100 10000 10000 0 0 0
1787956335.975 t 106 1006849 31 487 550 -3259 0 0 0 765 646 0 282 2538 1672 10000 10000 0 0 0
1787956336.049 t 107 1006921 31 530 521 -3462 0 0 0 739 702 0 285 3225 2305 10000 10000 0 0 0
1787956336.119 t 108 1006993 31 573 490 -3616 0 0 0 757 732 0 288 3922 2961 10000 10000 0 0 0
1787956336.200 t 109 1007065 31 616 458 -3680 0 0 0 758 739 0 291 4611 3633 10000 10000 0 0 0
1787956336.264 t 110 1007137 31 658 426 -3793 0 0 0 755 712 0 294 5302 4294 10000 10000 0 0 0
1787956336.337 t 111 1007209 31 700 392 -3917 0 0 0 775 712 0 297 6002 4961 10000 10000 0 0 0
1787956336.407 t 112 1007281 31 741 358 -4075 0 0 0 755 729 0 300 6705 5622 10000 10000 0 0 0
1787956336.479 t 113 1007353 31 782 321 -4244 0 0 0 802 719 0 303 7416 6288 10000 10000 0 0 0
1787956336.552 t 114 1007425 31 821 285 -4267 0 0 0 759 749 0 306 8100 6966 10000 10000 0 0 0
1787956336.624 t 115 1007497 31 860 248 -4350 0 0 0 758 729 0 309 8794 7638 10000 10000 0 0 0
1787956336.696 t 116 1007569 31 899 210 -4485 0 0 0 778 729 0 312 9500 8308 10000 10000 0 0 0
1787956336.767 t 117 1007641 31 937 172 -4640 0 0 0 775 729 0 315 10205 8972 10000 10000 0 0 0
1787956336.840 t 118 1007713 31 974 132 -4722 0 0 0 765 737 0 318 10905 9650 10000 10000 0 0 0
1787956336.917 t 119 1007785 31 1010 91 -4798 0 0 0 755 748 0 321 11605 10330 10000 10000 0 0 0
1787956336.985 t 120 1007857 31 1046 51 -4831 0 0 0 768 748 0 324 12300 11016 10000 10000 0 0 0
1787956337.057 thdr seq now flags x y h ox oy oh vl vr i2cf cyc posl posr dutl dutr lexc wrng cycovr
1787956337.064 t 121 1007929 31 1082 10 -4933 0 0 0 774 748 0 327 13005 11694 10000 10000 0 0 0
1787956337.127 t 122 1008001 31 1117 -32 -5061 0 0 0 735 735 0 330 13711 12366 10000 10000 0 0 0
1787956337.199 t 123 1008073 31 1151 -75 -5215 0 0 0 801 739 0 333 14427 13041 10000 10000 0 0 0
1787956337.273 t 124 1008145 31 1184 -118 -5227 0 0 0 764 755 0 336 15116 13727 10000 10000 0 0 0
1787956337.343 t 125 1008217 31 1217 -161 -5287 0 0 0 765 748 0 339 15816 14411 10000 10000 0 0 0
1787956337.415 t 126 1008289 31 1249 -205 -5362 0 0 0 765 739 0 342 16519 15094 10000 10000 0 0 0
1787956337.489 t 127 1008361 31 1281 -250 -5464 0 0 0 765 750 0 345 17227 15775 10000 10000 0 0 0
1787956337.559 t 0 1008433 31 1312 -295 -5603 0 0 0 785 749 0 348 17939 16450 10000 10000 0 0 0
1787956337.636 t 1 1008505 31 1342 -340 -5667 0 0 0 759 739 0 351 18639 17133 10000 10000 0 0 0
1787956337.704 t 2 1008577 31 1372 -386 -5689 0 0 0 769 765 0 354 19339 17827 10000 10000 0 0 0
1787956337.776 t 3 1008649 31 1402 -432 -5750 0 0 0 785 754 0 357 20044 18516 10000 10000 0 0 0
1787956337.847 t 4 1008721 31 1430 -479 -5874 0 0 0 784 739 0 360 20755 19194 10000 10000 0 0 0
1787956337.919 t 5 1008793 31 1458 -526 -6032 0 0 0 814 739 0 363 21475 19872 10000 10000 0 0 0
1787956337.991 t 6 1008865 31 1485 -574 -6039 0 0 0 774 758 0 366 22169 20564 10000 10000 0 0 0
1787956338.071 t 7 1008937 31 1512 -622 -6073 0 0 0 765 765 0 369 22869 21255 10000 10000 0 0 0
1787956338.138 t 8 1009009 31 1538 -670 -6122 0 0 0 781 768 0 372 23577 21950 10000 10000 0 0 0
1787956338.208 t 9 1009081 31 1564 -719 -6227 0 0 0 791 739 0 375 24291 22636 10000 10000 0 0 0
1787956338.279 t 10 1009153 31 1589 -768 -6344 0 0 0 791 745 0 378 25002 23316 10000 10000 0 0 0
1787956338.360 t 11 1009225 31 1613 -817 -6408 0 0 0 775 755 0 381 25708 24005 10000 10000 0 0 0
1787956338.426 thdr seq now flags x y h ox oy oh vl vr i2cf cyc posl posr dutl dutr lexc wrng cycovr
1787956338.431 t 12 1009297 31 1637 -867 -6416 0 0 0 765 769 0 384 26405 24700 10000 10000 0 0 0
1787956338.496 t 13 1009369 31 1661 -916 -6461 0 0 0 743 757 0 387 27111 25394 10000 10000 0 0 0
1787956338.568 t 14 1009441 31 1684 -967 -6566 0 0 0 778 749 0 390 27828 26083 10000 10000 0 0 0
1787956338.659 t 15 1009513 31 1706 -1017 -6702 0 0 0 822 719 0 393 28550 26769 10000 10000 0 0 0
1787956338.712 t 16 1009585 31 1727 -1068 -6709 0 0 0 766 748 0 396 29244 27461 10000 10000 0 0 0
1787956338.769 t 17 1009641 31 1727 -1068 -6709 0 0 0 766 748 0 396 29244 27461 10000 10000 0 0 0
1787956338.824 t 18 1009697 31 1727 -1068 -6709 0 0 0 766 748 0 396 29244 27461 10000 10000 0 0 0
1787956338.881 t 19 1009753 31 1727 -1068 -6709 0 0 0 766 748 0 396 29244 27461 10000 10000 0 0 0
1787956338.941 t 20 1009809 31 1727 -1068 -6709 0 0 0 766 748 0 396 29244 27461 10000 10000 0 0 0
1787956338.993 t 21 1009865 31 1727 -1068 -6709 0 0 0 766 748 0 396 29244 27461 10000 10000 0 0 0
1787956339.048 t 22 1009921 31 1727 -1068 -6709 0 0 0 766 748 0 396 29244 27461 10000 10000 0 0 0
1787956339.107 t 23 1009977 31 1727 -1068 -6709 0 0 0 766 748 0 396 29244 27461 10000 10000 0 0 0
1787956339.162 t 24 1010033 31 1727 -1068 -6709 0 0 0 766 748 0 396 29244 27461 10000 10000 0 0 0
1787956339.218 t 25 1010089 31 1727 -1068 -6709 0 0 0 766 748 0 396 29244 27461 10000 10000 0 0 0
1787956339.274 t 26 1010145 31 1727 -1068 -6709 0 0 0 766 748 0 396 29244 27461 10000 10000 0 0 0
1787956339.332 t 27 1010203 31 1727 -1068 -6709 0 0 0 766 748 0 396 29244 27461 10000 10000 0 0 0
1787956339.382 t 28 1010255 31 1727 -1068 -6709 0 0 0 766 748 0 396 29244 27461 10000 10000 0 0 0
1787956339.444 t 29 1010307 31 1727 -1068 -6709 0 0 0 766 748 0 396 29244 27461 10000 10000 0 0 0
1787956339.486 t 30 1010359 31 1727 -1068 -6709 0 0 0 766 748 0 396 29244 27461 10000 10000 0 0 0
1787956339.541 thdr seq now flags x y h ox oy oh vl vr i2cf cyc posl posr dutl dutr lexc wrng cycovr
1787956339.552 t 31 1010411 31 1727 -1068 -6709 0 0 0 766 748 0 396 29244 27461 10000 10000 0 0 0
1787956339.591 t 32 1010463 31 1727 -1068 -6709 0 0 0 766 748 0 396 29244 27461 10000 10000 0 0 0
1787956339.642 t 33 1010515 31 1727 -1068 -6709 0 0 0 766 748 0 396 29244 27461 10000 10000 0 0 0
1787956339.693 t 34 1010567 31 1727 -1068 -6709 0 0 0 766 748 0 396 29244 27461 10000 10000 0 0 0
1787956339.746 t 35 1010619 31 1727 -1068 -6709 0 0 0 766 748 0 396 29244 27461 10000 10000 0 0 0
1787956339.797 t 36 1010671 31 1727 -1068 -6709 0 0 0 766 748 0 396 29244 27461 10000 10000 0 0 0
1787956339.849 t 37 1010723 31 1727 -1068 -6709 0 0 0 766 748 0 396 29244 27461 10000 10000 0 0 0
1787956339.902 t 38 1010775 31 1727 -1068 -6709 0 0 0 766 748 0 396 29244 27461 10000 10000 0 0 0
1787956339.955 t 39 1010827 31 1727 -1068 -6709 0 0 0 766 748 0 396 29244 27461 10000 10000 0 0 0
1787956340.007 t 40 1010879 31 1727 -1068 -6709 0 0 0 766 748 0 396 29244 27461 10000 10000 0 0 0
1787956340.059 t 41 1010931 31 1727 -1068 -6709 0 0 0 766 748 0 396 29244 27461 10000 10000 0 0 0
1787956340.111 t 42 1010983 31 1727 -1068 -6709 0 0 0 766 748 0 396 29244 27461 10000 10000 0 0 0
1787956340.163 t 43 1011035 31 1727 -1068 -6709 0 0 0 766 748 0 396 29244 27461 10000 10000 0 0 0
1787956340.214 t 44 1011087 31 1727 -1068 -6709 0 0 0 766 748 0 396 29244 27461 10000 10000 0 0 0
1787956340.269 t 45 1011139 31 1727 -1068 -6709 0 0 0 766 748 0 396 29244 27461 10000 10000 0 0 0
1787956340.319 t 46 1011191 31 1727 -1068 -6709 0 0 0 766 748 0 396 29244 27461 10000 10000 0 0 0
1787956340.371 t 47 1011243 31 1727 -1068 -6709 0 0 0 766 748 0 396 29244 27461 10000 10000 0 0 0
1787956340.423 t 48 1011295 31 1727 -1068 -6709 0 0 0 766 748 0 396 29244 27461 10000 10000 0 0 0
1787956340.474 t 49 1011347 31 1727 -1068 -6709 0 0 0 766 748 0 396 29244 27461 10000 10000 0 0 0
1787956340.542 thdr seq now flags x y h ox oy oh vl vr i2cf cyc posl posr dutl dutr lexc wrng cycovr
1787956340.542 t 50 1011399 31 1727 -1068 -6709 0 0 0 766 748 0 396 29244 27461 10000 10000 0 0 0
1787956341.073 t 51 1011451 31 1727 -1068 -6709 0 0 0 766 748 0 396 29244 27461 10000 10000 0 0 0
1787956341.073 t 52 1011503 31 1727 -1068 -6709 0 0 0 766 748 0 396 29244 27461 10000 10000 0 0 0
1787956341.073 t 53 1011555 31 1727 -1068 -6709 0 0 0 766 748 0 396 29244 27461 10000 10000 0 0 0
1787956341.073 t 54 1011607 31 1727 -1068 -6709 0 0 0 766 748 0 396 29244 27461 10000 10000 0 0 0
1787956341.073 t 55 1011659 31 1727 -1068 -6709 0 0 0 766 748 0 396 29244 27461 10000 10000 0 0 0
1787956341.073 t 56 1011711 31 1727 -1068 -6709 0 0 0 766 748 0 396 29244 27461 10000 10000 0 0 0
1787956341.073 t 57 1011763 31 1727 -1068 -6709 0 0 0 766 748 0 396 29244 27461 10000 10000 0 0 0
1787956341.073 t 58 1011815 31 1727 -1068 -6709 0 0 0 766 748 0 396 29244 27461 10000 10000 0 0 0
1787956341.073 t 59 1011867 31 1727 -1068 -6709 0 0 0 766 748 0 396 29244 27461 10000 10000 0 0 0
1787956341.073 t 60 1011919 31 1727 -1068 -6709 0 0 0 766 748 0 396 29244 27461 10000 10000 0 0 0
1787956341.097 t 61 1011971 31 1727 -1068 -6709 0 0 0 766 748 0 396 29244 27461 10000 10000 0 0 0
1787956341.153 t 62 1012023 31 1727 -1068 -6709 0 0 0 766 748 0 396 29244 27461 10000 10000 0 0 0
1787956341.201 t 63 1012075 31 1727 -1068 -6709 0 0 0 766 748 0 396 29244 27461 10000 10000 0 0 0
1787956341.256 t 64 1012127 31 1727 -1068 -6709 0 0 0 766 748 0 396 29244 27461 10000 10000 0 0 0
1787956341.307 t 65 1012179 31 1727 -1068 -6709 0 0 0 766 748 0 396 29244 27461 10000 10000 0 0 0
1787956341.362 t 66 1012231 31 1727 -1068 -6709 0 0 0 766 748 0 396 29244 27461 10000 10000 0 0 0
1787956341.409 t 67 1012283 31 1727 -1068 -6709 0 0 0 766 748 0 396 29244 27461 10000 10000 0 0 0
1787956341.463 t 68 1012335 31 1727 -1068 -6709 0 0 0 766 748 0 396 29244 27461 10000 10000 0 0 0
1787956341.513 thdr seq now flags x y h ox oy oh vl vr i2cf cyc posl posr dutl dutr lexc wrng cycovr
1787956341.525 t 69 1012387 31 1727 -1068 -6709 0 0 0 766 748 0 396 29244 27461 10000 10000 0 0 0
1787956341.565 t 70 1012439 31 1727 -1068 -6709 0 0 0 766 748 0 396 29244 27461 10000 10000 0 0 0
1787956341.614 >>> WHEELS_V -2000 -2000 3000 #11
1787956341.628 t 71 1012491 31 1727 -1068 -6709 0 0 0 766 748 0 396 29244 27461 10000 10000 0 0 0
1787956341.629 ack 11 10 timeout
1787956341.690 t 72 1012561 31 1778 -1243 -8060 0 0 0 -48 -48 0 398 31736 29594 -5000 -5000 0 0 0
1787956341.768 t 73 1012633 31 1774 -1220 -7902 0 0 0 -503 -440 0 401 31416 29316 -10000 -10000 0 0 0
1787956341.839 t 74 1012705 31 1764 -1175 -7608 0 0 0 -730 -626 0 404 30800 28778 -10000 -10000 0 0 0
1787956341.907 t 75 1012777 31 1750 -1125 -7356 0 0 0 -768 -709 0 407 30105 28150 -10000 -10000 0 0 0
1787956341.993 t 76 1012849 31 1734 -1073 -7296 0 0 0 -712 -749 0 410 29411 27472 -10000 -10000 0 0 0
1787956342.048 t 77 1012921 31 1718 -1022 -7243 0 0 0 -748 -729 0 413 28719 26794 -10000 -10000 0 0 0
1787956342.121 t 78 1012993 31 1701 -971 -7149 0 0 0 -758 -719 0 416 28022 26122 -10000 -10000 0 0 0
1787956342.192 t 79 1013065 31 1683 -920 -7044 0 0 0 -765 -729 0 419 27322 25450 -10000 -10000 0 0 0
1787956342.265 t 80 1013137 31 1665 -868 -7010 0 0 0 -768 -754 0 422 26627 24764 -10000 -10000 0 0 0
1787956342.345 t 81 1013209 31 1646 -817 -6972 0 0 0 -774 -755 0 425 25925 24072 -10000 -10000 0 0 0
1787956342.409 t 82 1013281 31 1627 -766 -6961 0 0 0 -765 -748 0 428 25233 23383 -10000 -10000 0 0 0
1787956342.484 t 83 1013353 31 1607 -715 -6920 0 0 0 -765 -746 0 431 24539 22700 -10000 -10000 0 0 0
1787956342.553 t 84 1013425 31 1588 -665 -6856 0 0 0 -758 -747 0 434 23844 22022 -10000 -10000 0 0 0
1787956342.748 t 85 1013497 31 1567 -614 -6803 0 0 0 -758 -756 0 437 23144 21336 -10000 -10000 0 0 0
1787956342.766 t 86 1013569 31 1547 -564 -6822 0 0 0 -759 -755 0 440 22452 20639 -10000 -10000 0 0 0
1787956342.769 t 87 1013641 31 1526 -513 -6848 0 0 0 -765 -764 0 443 21764 19944 -10000 -10000 0 0 0
1787956342.847 thdr seq now flags x y h ox oy oh vl vr i2cf cyc posl posr dutl dutr lexc wrng cycovr
1787956342.848 t 88 1013713 31 1506 -463 -6814 0 0 0 -765 -748 0 446 21072 19261 -10000 -10000 0 0 0
1787956342.913 t 89 1013785 31 1485 -412 -6743 0 0 0 -743 -743 0 449 20369 18577 -10000 -10000 0 0 0
1787956342.985 t 90 1013857 31 1464 -362 -6702 0 0 0 -754 -748 0 452 19675 17894 -10000 -10000 0 0 0
1787956343.064 t 91 1013929 31 1443 -312 -6709 0 0 0 -758 -755 0 455 18980 17197 -10000 -10000 0 0 0
1787956343.131 t 92 1014001 31 1421 -261 -6732 0 0 0 -765 -775 0 458 18286 16497 -10000 -10000 0 0 0
1787956343.204 t 93 1014073 31 1400 -211 -6709 0 0 0 -764 -739 0 461 17594 15811 -10000 -10000 0 0 0
1787956343.274 t 94 1014145 31 1378 -161 -6630 0 0 0 -781 -738 0 464 16889 15127 -10000 -10000 0 0 0
1787956343.352 t 95 1014217 31 1356 -112 -6607 0 0 0 -765 -748 0 467 16200 14444 -10000 -10000 0 0 0
1787956343.419 t 96 1014289 31 1334 -62 -6607 0 0 0 -764 -765 0 470 15500 13744 -10000 -10000 0 0 0
1787956343.487 t 97 1014361 31 1311 -11 -6596 0 0 0 -765 -755 0 473 14800 13047 -10000 -10000 0 0 0
1787956343.560 t 98 1014433 31 1288 39 -6615 0 0 0 -768 -785 0 476 14102 12344 -10000 -10000 0 0 0
1787956343.633 t 99 1014505 31 1266 89 -6543 0 0 0 -765 -749 0 479 13397 11658 -10000 -10000 0 0 0
1787956343.703 t 100 1014577 31 1242 138 -6438 0 0 0 -785 -738 0 482 12688 10977 -10000 -10000 0 0 0
1787956343.780 t 101 1014649 31 1218 188 -6419 0 0 0 -765 -768 0 485 11983 10277 -10000 -10000 0 0 0
1787956343.848 t 102 1014721 31 1194 238 -6419 0 0 0 -755 -768 0 488 11283 9577 -10000 -10000 0 0 0
1787956343.948 t 103 1014793 31 1170 287 -6385 0 0 0 -774 -755 0 491 10580 8883 -10000 -10000 0 0 0
1787956343.991 t 104 1014865 31 1145 336 -6291 0 0 0 -804 -748 0 494 9866 8194 -10000 -10000 0 0 0
1787956344.063 t 105 1014937 31 1120 385 -6239 0 0 0 -775 -746 0 497 9169 7511 -10000 -10000 0 0 0
1787956344.139 t 106 1015009 31 1094 433 -6190 0 0 0 -775 -768 0 500 8461 6816 -10000 -10000 0 0 0
1787956344.208 thdr seq now flags x y h ox oy oh vl vr i2cf cyc posl posr dutl dutr lexc wrng cycovr
1787956344.219 t 107 1015081 31 1068 482 -6201 0 0 0 -775 -778 0 503 7761 6113 -10000 -10000 0 0 0
1787956344.290 t 108 1015153 31 1042 531 -6190 0 0 0 -774 -760 0 506 7061 5416 -10000 -10000 0 0 0
1787956344.352 t 109 1015225 31 1016 579 -6163 0 0 0 -785 -755 0 509 6363 4725 -10000 -10000 0 0 0
1787956344.423 t 110 1015297 31 989 627 -6081 0 0 0 -793 -755 0 512 5652 4036 -10000 -10000 0 0 0
1787956344.497 t 111 1015369 31 962 675 -6043 0 0 0 -764 -765 0 515 4950 3344 -10000 -10000 0 0 0
1787956344.574 t 112 1015441 31 935 723 -6066 0 0 0 -766 -778 0 518 4250 2638 -10000 -10000 0 0 0
1787956344.646 t 113 1015513 31 907 771 -6051 0 0 0 -775 -764 0 521 3544 1936 -10000 -10000 0 0 0
1787956344.702 t 114 1015569 31 907 771 -6051 0 0 0 -775 -764 0 521 3544 1936 -10000 -10000 0 0 0
1787956344.752 t 115 1015625 31 907 771 -6051 0 0 0 -775 -764 0 521 3544 1936 -10000 -10000 0 0 0
1787956344.815 t 116 1015681 31 907 771 -6051 0 0 0 -775 -764 0 521 3544 1936 -10000 -10000 0 0 0
1787956344.864 t 117 1015737 31 907 771 -6051 0 0 0 -775 -764 0 521 3544 1936 -10000 -10000 0 0 0
1787956344.921 t 118 1015793 31 907 771 -6051 0 0 0 -775 -764 0 521 3544 1936 -10000 -10000 0 0 0
1787956344.978 t 119 1015849 31 907 771 -6051 0 0 0 -775 -764 0 521 3544 1936 -10000 -10000 0 0 0
1787956345.031 t 120 1015905 31 907 771 -6051 0 0 0 -775 -764 0 521 3544 1936 -10000 -10000 0 0 0
1787956345.087 t 121 1015961 31 907 771 -6051 0 0 0 -775 -764 0 521 3544 1936 -10000 -10000 0 0 0
1787956345.162 t 122 1016017 31 907 771 -6051 0 0 0 -775 -764 0 521 3544 1936 -10000 -10000 0 0 0
1787956345.200 t 123 1016073 31 907 771 -6051 0 0 0 -775 -764 0 521 3544 1936 -10000 -10000 0 0 0
1787956345.257 t 124 1016131 31 907 771 -6051 0 0 0 -775 -764 0 521 3544 1936 -10000 -10000 0 0 0
1787956345.315 t 125 1016183 31 907 771 -6051 0 0 0 -775 -764 0 521 3544 1936 -10000 -10000 0 0 0
1787956345.362 thdr seq now flags x y h ox oy oh vl vr i2cf cyc posl posr dutl dutr lexc wrng cycovr
1787956345.370 t 126 1016235 31 907 771 -6051 0 0 0 -775 -764 0 521 3544 1936 -10000 -10000 0 0 0
1787956345.433 t 127 1016287 31 907 771 -6051 0 0 0 -775 -764 0 521 3544 1936 -10000 -10000 0 0 0
1787956345.465 t 0 1016339 31 907 771 -6051 0 0 0 -775 -764 0 521 3544 1936 -10000 -10000 0 0 0
1787956345.521 t 1 1016391 31 907 771 -6051 0 0 0 -775 -764 0 521 3544 1936 -10000 -10000 0 0 0
1787956345.570 t 2 1016443 31 907 771 -6051 0 0 0 -775 -764 0 521 3544 1936 -10000 -10000 0 0 0
1787956345.621 t 3 1016495 31 907 771 -6051 0 0 0 -775 -764 0 521 3544 1936 -10000 -10000 0 0 0
1787956345.674 t 4 1016547 31 907 771 -6051 0 0 0 -775 -764 0 521 3544 1936 -10000 -10000 0 0 0
1787956345.728 t 5 1016599 31 907 771 -6051 0 0 0 -775 -764 0 521 3544 1936 -10000 -10000 0 0 0
1787956345.777 t 6 1016651 31 907 771 -6051 0 0 0 -775 -764 0 521 3544 1936 -10000 -10000 0 0 0
1787956345.830 t 7 1016703 31 907 771 -6051 0 0 0 -775 -764 0 521 3544 1936 -10000 -10000 0 0 0
1787956345.882 t 8 1016755 31 907 771 -6051 0 0 0 -775 -764 0 521 3544 1936 -10000 -10000 0 0 0
1787956345.934 t 9 1016807 31 907 771 -6051 0 0 0 -775 -764 0 521 3544 1936 -10000 -10000 0 0 0
1787956345.990 t 10 1016859 31 907 771 -6051 0 0 0 -775 -764 0 521 3544 1936 -10000 -10000 0 0 0
1787956346.037 t 11 1016911 31 907 771 -6051 0 0 0 -775 -764 0 521 3544 1936 -10000 -10000 0 0 0
1787956346.093 t 12 1016963 31 907 771 -6051 0 0 0 -775 -764 0 521 3544 1936 -10000 -10000 0 0 0
1787956346.141 t 13 1017015 31 907 771 -6051 0 0 0 -775 -764 0 521 3544 1936 -10000 -10000 0 0 0
1787956346.195 t 14 1017067 31 907 771 -6051 0 0 0 -775 -764 0 521 3544 1936 -10000 -10000 0 0 0
1787956346.277 t 15 1017119 31 907 771 -6051 0 0 0 -775 -764 0 521 3544 1936 -10000 -10000 0 0 0
1787956346.298 t 16 1017171 31 907 771 -6051 0 0 0 -775 -764 0 521 3544 1936 -10000 -10000 0 0 0
1787956346.349 thdr seq now flags x y h ox oy oh vl vr i2cf cyc posl posr dutl dutr lexc wrng cycovr
1787956346.357 t 17 1017223 31 907 771 -6051 0 0 0 -775 -764 0 521 3544 1936 -10000 -10000 0 0 0
1787956346.406 t 18 1017275 31 907 771 -6051 0 0 0 -775 -764 0 521 3544 1936 -10000 -10000 0 0 0
1787956346.453 t 19 1017327 31 907 771 -6051 0 0 0 -775 -764 0 521 3544 1936 -10000 -10000 0 0 0
1787956346.501 >>> STOP #12
1787956346.505 t 20 1017379 31 907 771 -6051 0 0 0 -775 -764 0 521 3544 1936 -10000 -10000 0 0 0
1787956346.512 ack 12 11 timeout
1787956346.557 t 21 1017431 31 907 771 -6051 0 0 0 -775 -764 0 521 3544 1936 -10000 -10000 0 0 0
1787956346.611 t 22 1017483 31 907 771 -6051 0 0 0 -775 -764 0 521 3544 1936 -10000 -10000 0 0 0
1787956346.665 t 23 1017535 31 907 771 -6051 0 0 0 -775 -764 0 521 3544 1936 -10000 -10000 0 0 0
1787956346.716 t 24 1017587 31 907 771 -6051 0 0 0 -775 -764 0 521 3544 1936 -10000 -10000 0 0 0
1787956346.766 t 25 1017639 31 907 771 -6051 0 0 0 -775 -764 0 521 3544 1936 -10000 -10000 0 0 0
1787956346.826 t 26 1017691 31 907 771 -6051 0 0 0 -775 -764 0 521 3544 1936 -10000 -10000 0 0 0
1787956346.869 t 27 1017743 31 907 771 -6051 0 0 0 -775 -764 0 521 3544 1936 -10000 -10000 0 0 0
1787956346.940 t 28 1017795 31 907 771 -6051 0 0 0 -775 -764 0 521 3544 1936 -10000 -10000 0 0 0
1787956346.974 t 29 1017847 31 907 771 -6051 0 0 0 -775 -764 0 521 3544 1936 -10000 -10000 0 0 0
1787956347.057 t 30 1017899 31 907 771 -6051 0 0 0 -775 -764 0 521 3544 1936 -10000 -10000 0 0 0
1787956347.081 t 31 1017951 31 907 771 -6051 0 0 0 -775 -764 0 521 3544 1936 -10000 -10000 0 0 0
1787956347.138 t 32 1018003 31 907 771 -6051 0 0 0 -775 -764 0 521 3544 1936 -10000 -10000 0 0 0
1787956347.183 t 33 1018055 31 907 771 -6051 0 0 0 -775 -764 0 521 3544 1936 -10000 -10000 0 0 0
1787956347.233 t 34 1018107 31 907 771 -6051 0 0 0 -775 -764 0 521 3544 1936 -10000 -10000 0 0 0
1787956347.285 t 35 1018159 31 907 771 -6051 0 0 0 -775 -764 0 521 3544 1936 -10000 -10000 0 0 0
1787956347.338 thdr seq now flags x y h ox oy oh vl vr i2cf cyc posl posr dutl dutr lexc wrng cycovr
1787956347.344 t 36 1018211 31 907 771 -6051 0 0 0 -775 -764 0 521 3544 1936 -10000 -10000 0 0 0
1787956347.390 t 37 1018263 31 907 771 -6051 0 0 0 -775 -764 0 521 3544 1936 -10000 -10000 0 0 0
1787956347.441 t 38 1018315 31 907 771 -6051 0 0 0 -775 -764 0 521 3544 1936 -10000 -10000 0 0 0
1787956347.494 t 39 1018367 31 907 771 -6051 0 0 0 -775 -764 0 521 3544 1936 -10000 -10000 0 0 0
1787956347.541 >>> TLM OFF #13
1787956347.545 t 40 1018419 31 907 771 -6051 0 0 0 -775 -764 0 521 3544 1936 -10000 -10000 0 0 0
1787956347.550 ack 13 11 timeout
1787956348.553 >>> STATUS
1787956348.575 status ready=1 active=1 connL=1 connR=1 otos=0 wedge=0 flags=31 i2cf=0 cyc=521 tlm=off next=14 done=11 reason=timeout
