1787957963.124 >>> HELLO
1787957963.148 device NEZHA2 robot tovez 2314287040
1787957964.189 >>> VER
1787957964.207 ver 0.20260827.2
1787957965.217 >>> STATUS
1787957965.238 status ready=1 active=0 connL=1 connR=1 otos=1 wedge=0 flags=31 i2cf=90 cyc=5801 tlm=off next=1 done=11 reason=stop
1787957966.242 >>> GET max_duty #1
1787957966.254 ack 1 11 stop
1787957966.254 get max_duty 100.000008
1787957967.260 >>> GET full_duty_velocity #2
1787957967.278 ack 2 11 stop
1787957967.280 get full_duty_velocity 10795.000977
1787957968.288 >>> GET pid_kp #3
1787957968.310 ack 3 11 stop
1787957968.310 get pid_kp 0.000000
1787957969.323 >>> GET pid_ki #4
1787957969.342 ack 4 11 stop
1787957969.342 get pid_ki 6.000000
1787957970.351 >>> GET pid_i_max #5
1787957970.367 ack 5 11 stop
1787957970.367 get pid_i_max 765.600037
1787957971.370 >>> GET pid_max #6
1787957971.390 ack 6 11 stop
1787957971.390 get pid_max 1276.000000
1787957972.399 >>> GET twist_hold_gain #7
1787957972.414 ack 7 11 stop
1787957972.414 get twist_hold_gain 2.000000
1787957973.420 >>> TLM FULL #8
1787957973.449 ack 8 11 stop
1787957973.476 t 8 22537783 31 5067 -2918 211555 0 1 -16323 0 0 90 5801 112363 168586 0 0 0 0 0
1787957973.531 t 9 22537839 31 5067 -2918 211555 0 1 -16323 0 0 90 5801 112363 168586 0 0 0 0 0
1787957973.591 thdr seq now flags x y h ox oy oh vl vr i2cf cyc posl posr dutl dutr lexc wrng cycovr
1787957973.593 t 10 22537895 31 5067 -2918 211555 0 1 -16322 0 0 90 5801 112363 168586 0 0 0 0 0
1787957973.639 t 11 22537947 31 5067 -2918 211555 0 1 -16322 0 0 90 5801 112363 168586 0 0 0 0 0
1787957973.694 t 12 22538003 31 5067 -2918 211555 0 1 -16322 0 0 90 5801 112363 168586 0 0 0 0 0
1787957973.755 t 13 22538059 31 5067 -2918 211555 0 1 -16322 0 0 90 5801 112363 168586 0 0 0 0 0
1787957973.806 t 14 22538115 31 5067 -2918 211555 0 1 -16321 0 0 90 5801 112363 168586 0 0 0 0 0
1787957973.867 t 15 22538171 31 5067 -2918 211555 0 1 -16321 0 0 90 5801 112363 168586 0 0 0 0 0
1787957973.919 t 16 22538227 31 5067 -2918 211555 0 1 -16321 0 0 90 5801 112363 168586 0 0 0 0 0
1787957973.975 t 17 22538283 31 5067 -2918 211555 0 1 -16321 0 0 90 5801 112363 168586 0 0 0 0 0
1787957974.032 t 18 22538339 31 5067 -2918 211555 0 1 -16321 0 0 90 5801 112363 168586 0 0 0 0 0
1787957974.088 t 19 22538395 31 5067 -2918 211555 0 1 -16321 0 0 90 5801 112363 168586 0 0 0 0 0
1787957974.142 t 20 22538451 31 5067 -2918 211555 0 1 -16320 0 0 90 5801 112363 168586 0 0 0 0 0
1787957974.204 t 21 22538507 31 5067 -2918 211555 0 1 -16320 0 0 90 5801 112363 168586 0 0 0 0 0
1787957974.255 t 22 22538563 31 5067 -2918 211555 0 1 -16320 0 0 90 5801 112363 168586 0 0 0 0 0
1787957974.318 t 23 22538619 31 5067 -2918 211555 0 1 -16320 0 0 90 5801 112363 168586 0 0 0 0 0
1787957974.375 t 24 22538675 31 5067 -2918 211555 0 1 -16320 0 0 90 5801 112363 168586 0 0 0 0 0
1787957974.426 >>> WHEELS_V 100 100 500 #9
1787957974.426 t 25 22538731 31 5067 -2918 211555 0 1 -16320 0 0 90 5801 112363 168586 0 0 0 0 0
1787957974.444 ack 9 11 stop
1787957974.478 t 26 22538783 31 5067 -2918 211555 0 1 -16319 0 0 90 5802 112363 168586 1300 1200 0 0 0
1787957974.546 t 27 22538855 31 5070 -2921 211386 0 1 -16319 138 56 90 5805 112444 168622 1600 1600 0 0 0
1787957974.619 t 28 22538927 31 5076 -2927 211157 0 1 -16318 144 89 90 5808 112574 168691 1200 1900 0 0 0
1787957974.694 thdr seq now flags x y h ox oy oh vl vr i2cf cyc posl posr dutl dutr lexc wrng cycovr
1787957974.702 t 29 22538999 31 5081 -2934 211093 0 1 -16318 118 108 90 5811 112691 168791 1000 2000 0 0 0
1787957974.764 t 30 22539071 31 5087 -2940 211145 0 1 -16318 118 118 90 5814 112794 168908 900 1900 0 0 0
1787957974.835 t 31 22539143 31 5092 -2946 211239 0 1 -16318 92 128 90 5817 112880 169019 900 1800 0 0 0
1787957974.907 t 32 22539215 31 5097 -2952 211345 0 1 -16317 92 108 90 5820 112963 169130 900 1600 0 0 0
1787957974.964 t 33 22539271 31 5101 -2956 211379 0 1 -16317 92 112 90 5822 113027 169203 900 1600 0 0 0
1787957975.025 t 34 22539327 31 5101 -2956 211379 0 1 -16317 92 112 90 5822 113027 169203 900 1600 0 0 0
1787957976.787 >>> STATUS
1787957977.803 === RUN FWD
1787957977.803 >>> WHEELS_V 2000 2000 3000 #10
1787957979.092 >>> WHEELS_V 2000 2000 3000 #10
1787957980.349 >>> WHEELS_V 2000 2000 3000 #10
1787957986.135 >>> STATUS
1787957989.146 === RUN REV
1787957989.147 >>> WHEELS_V -2000 -2000 3000 #11
1787957990.402 >>> WHEELS_V -2000 -2000 3000 #11
1787957991.657 >>> WHEELS_V -2000 -2000 3000 #11
1787957997.426 >>> STATUS
1787957998.431 >>> STOP #12
1787958000.186 >>> STOP #12
1787958001.941 >>> STOP #12
1787958003.699 >>> TLM OFF #13
1787958005.466 >>> TLM OFF #13
1787958007.222 >>> TLM OFF #13
1787958009.017 >>> STATUS
