1787960354.337 >>> HELLO
1787960354.357 device NEZHA2 robot tovez 2314287040
1787960355.369 >>> VER
1787960355.386 ver 0.20260827.2
1787960356.390 >>> STATUS
1787960356.423 status ready=0 active=0 connL=0 connR=0 otos=0 wedge=0 flags=0 i2cf=0 cyc=0 tlm=off next=1 done=0 reason=none
1787960357.427 >>> GET max_duty #1
1787960357.443 ack 1 0 none
1787960357.445 get max_duty 100.000008
1787960358.449 >>> GET full_duty_velocity #2
1787960358.471 ack 2 0 none
1787960358.471 get full_duty_velocity 10795.000977
1787960359.551 >>> GET pid_kp #3
1787960359.562 ack 3 0 none
1787960359.562 get pid_kp 0.000000
1787960360.568 >>> GET pid_ki #4
1787960360.580 ack 4 0 none
1787960360.580 get pid_ki 6.000000
1787960361.582 >>> GET pid_i_max #5
1787960361.596 ack 5 0 none
1787960361.596 get pid_i_max 765.600037
1787960362.630 >>> GET pid_max #6
1787960362.642 ack 6 0 none
1787960362.642 get pid_max 1276.000000
1787960363.646 >>> GET twist_hold_gain #7
1787960363.659 ack 7 0 none
1787960363.661 get twist_hold_gain 2.000000
1787960364.667 >>> TLM FULL #8
1787960364.683 ack 8 0 none
1787960364.722 thdr seq now flags x y h ox oy oh vl vr i2cf cyc posl posr dutl dutr lexc wrng cycovr
1787960364.725 t 1 144890 0 0 0 0 0 0 0 0 0 0 0 0 0 0 0 0 0 0
1787960364.770 t 2 144942 0 0 0 0 0 0 0 0 0 0 0 0 0 0 0 0 0 0
1787960364.825 t 3 144998 0 0 0 0 0 0 0 0 0 0 0 0 0 0 0 0 0 0
1787960364.885 t 4 145054 0 0 0 0 0 0 0 0 0 0 0 0 0 0 0 0 0 0
1787960364.939 t 5 145110 0 0 0 0 0 0 0 0 0 0 0 0 0 0 0 0 0 0
1787960364.994 t 6 145166 0 0 0 0 0 0 0 0 0 0 0 0 0 0 0 0 0 0
1787960365.053 t 7 145222 0 0 0 0 0 0 0 0 0 0 0 0 0 0 0 0 0 0
1787960365.106 t 8 145278 0 0 0 0 0 0 0 0 0 0 0 0 0 0 0 0 0 0
1787960365.162 t 9 145334 0 0 0 0 0 0 0 0 0 0 0 0 0 0 0 0 0 0
1787960365.220 t 10 145390 0 0 0 0 0 0 0 0 0 0 0 0 0 0 0 0 0 0
1787960365.274 t 11 145446 0 0 0 0 0 0 0 0 0 0 0 0 0 0 0 0 0 0
1787960365.346 t 12 145502 0 0 0 0 0 0 0 0 0 0 0 0 0 0 0 0 0 0
1787960365.394 t 13 145558 0 0 0 0 0 0 0 0 0 0 0 0 0 0 0 0 0 0
1787960365.442 t 14 145614 0 0 0 0 0 0 0 0 0 0 0 0 0 0 0 0 0 0
1787960365.500 t 15 145670 0 0 0 0 0 0 0 0 0 0 0 0 0 0 0 0 0 0
1787960365.555 t 16 145726 0 0 0 0 0 0 0 0 0 0 0 0 0 0 0 0 0 0
1787960365.610 t 17 145782 0 0 0 0 0 0 0 0 0 0 0 0 0 0 0 0 0 0
1787960365.666 t 18 145838 0 0 0 0 0 0 0 0 0 0 0 0 0 0 0 0 0 0
1787960365.717 >>> WHEELS_V 100 100 500 #9
1787960365.721 t 19 145894 0 0 0 0 0 0 0 0 0 0 0 0 0 0 0 0 0 0
1787960365.735 ack 9 0 none
1787960365.797 thdr seq now flags x y h ox oy oh vl vr i2cf cyc posl posr dutl dutr lexc wrng cycovr
1787960365.797 t 20 145962 31 1 0 -11 0 0 0 23 14 0 2 8 5 1200 1200 0 0 0
1787960365.869 t 21 146034 31 8 0 -64 0 0 0 124 107 0 5 105 88 1300 1400 0 0 0
1787960365.937 t 22 146106 31 17 0 -83 0 0 0 118 128 0 8 222 200 1200 1300 0 0 0
1787960366.007 t 23 146178 31 25 0 -71 0 0 0 118 112 0 11 330 311 1000 1200 0 0 0
1787960366.079 t 24 146250 31 33 0 -41 0 0 0 108 108 0 14 427 416 1000 1100 0 0 0
1787960366.150 t 25 146322 31 41 0 -23 0 0 0 92 108 0 17 522 516 900 1100 0 0 0
1787960366.222 t 26 146394 31 48 0 0 0 0 0 92 102 0 20 611 611 1000 1000 0 0 0
1787960366.281 t 27 146450 31 51 0 0 0 0 0 108 108 0 21 644 644 900 1100 0 0 0
1787960366.328 t 28 146499 31 51 0 0 0 0 0 108 108 0 21 644 644 900 1100 0 0 0
1787960366.385 t 29 146551 31 51 0 0 0 0 0 108 108 0 21 644 644 900 1100 0 0 0
1787960366.432 t 30 146603 31 51 0 0 0 0 0 108 108 0 21 644 644 900 1100 0 0 0
1787960366.485 t 31 146655 31 51 0 0 0 0 0 108 108 0 21 644 644 900 1100 0 0 0
1787960366.536 t 32 146707 31 51 0 0 0 0 0 108 108 0 21 644 644 900 1100 0 0 0
1787960366.588 t 33 146759 31 51 0 0 0 0 0 108 108 0 21 644 644 900 1100 0 0 0
1787960366.641 t 34 146811 31 51 0 0 0 0 0 108 108 0 21 644 644 900 1100 0 0 0
1787960366.692 t 35 146863 31 51 0 0 0 0 0 108 108 0 21 644 644 900 1100 0 0 0
1787960366.746 t 36 146915 31 51 0 0 0 0 0 108 108 0 21 644 644 900 1100 0 0 0
1787960366.796 t 37 146967 31 51 0 0 0 0 0 108 108 0 21 644 644 900 1100 0 0 0
1787960366.848 t 38 147019 31 51 0 0 0 0 0 108 108 0 21 644 644 900 1100 0 0 0
1787960366.907 thdr seq now flags x y h ox oy oh vl vr i2cf cyc posl posr dutl dutr lexc wrng cycovr
1787960366.909 t 39 147071 31 51 0 0 0 0 0 108 108 0 21 644 644 900 1100 0 0 0
1787960366.954 t 40 147123 31 51 0 0 0 0 0 108 108 0 21 644 644 900 1100 0 0 0
1787960367.005 t 41 147175 31 51 0 0 0 0 0 108 108 0 21 644 644 900 1100 0 0 0
1787960367.056 t 42 147227 31 51 0 0 0 0 0 108 108 0 21 644 644 900 1100 0 0 0
1787960367.108 t 43 147279 31 51 0 0 0 0 0 108 108 0 21 644 644 900 1100 0 0 0
1787960367.161 t 44 147331 31 51 0 0 0 0 0 108 108 0 21 644 644 900 1100 0 0 0
1787960367.214 t 45 147383 31 51 0 0 0 0 0 108 108 0 21 644 644 900 1100 0 0 0
1787960367.264 t 46 147435 31 51 0 0 0 0 0 108 108 0 21 644 644 900 1100 0 0 0
1787960367.316 t 47 147487 31 51 0 0 0 0 0 108 108 0 21 644 644 900 1100 0 0 0
1787960367.370 t 48 147539 31 51 0 0 0 0 0 108 108 0 21 644 644 900 1100 0 0 0
1787960367.420 t 49 147591 31 51 0 0 0 0 0 108 108 0 21 644 644 900 1100 0 0 0
1787960367.475 t 50 147643 31 51 0 0 0 0 0 108 108 0 21 644 644 900 1100 0 0 0
1787960367.524 t 51 147695 31 51 0 0 0 0 0 108 108 0 21 644 644 900 1100 0 0 0
1787960367.578 t 52 147747 31 51 0 0 0 0 0 108 108 0 21 644 644 900 1100 0 0 0
1787960367.628 t 53 147799 31 51 0 0 0 0 0 108 108 0 21 644 644 900 1100 0 0 0
1787960367.680 t 54 147851 31 51 0 0 0 0 0 108 108 0 21 644 644 900 1100 0 0 0
1787960367.732 t 55 147903 31 51 0 0 0 0 0 108 108 0 21 644 644 900 1100 0 0 0
1787960367.784 t 56 147955 31 51 0 0 0 0 0 108 108 0 21 644 644 900 1100 0 0 0
1787960367.836 t 57 148007 31 51 0 0 0 0 0 108 108 0 21 644 644 900 1100 0 0 0
1787960367.883 >>> STATUS
1787960367.894 thdr seq now flags x y h ox oy oh vl vr i2cf cyc posl posr dutl dutr lexc wrng cycovr
1787960367.897 t 58 148059 31 51 0 0 0 0 0 108 108 0 21 644 644 900 1100 0 0 0
1787960367.907 status ready=1 active=1 connL=1 connR=1 otos=0 wedge=0 flags=31 i2cf=0 cyc=21 tlm=full next=10 done=9 reason=timeout
1787960367.940 t 59 148111 31 51 0 0 0 0 0 108 108 0 21 644 644 900 1100 0 0 0
1787960367.992 t 60 148163 31 51 0 0 0 0 0 108 108 0 21 644 644 900 1100 0 0 0
1787960368.044 t 61 148215 31 51 0 0 0 0 0 108 108 0 21 644 644 900 1100 0 0 0
1787960368.096 t 62 148267 31 51 0 0 0 0 0 108 108 0 21 644 644 900 1100 0 0 0
1787960368.149 t 63 148319 31 51 0 0 0 0 0 108 108 0 21 644 644 900 1100 0 0 0
1787960368.203 t 64 148371 31 51 0 0 0 0 0 108 108 0 21 644 644 900 1100 0 0 0
1787960368.254 t 65 148423 31 51 0 0 0 0 0 108 108 0 21 644 644 900 1100 0 0 0
1787960368.305 t 66 148475 31 51 0 0 0 0 0 108 108 0 21 644 644 900 1100 0 0 0
1787960368.357 t 67 148527 31 51 0 0 0 0 0 108 108 0 21 644 644 900 1100 0 0 0
1787960368.408 t 68 148579 31 51 0 0 0 0 0 108 108 0 21 644 644 900 1100 0 0 0
1787960368.462 t 69 148631 31 51 0 0 0 0 0 108 108 0 21 644 644 900 1100 0 0 0
1787960368.519 t 70 148683 31 51 0 0 0 0 0 108 108 0 21 644 644 900 1100 0 0 0
1787960368.565 t 71 148735 31 51 0 0 0 0 0 108 108 0 21 644 644 900 1100 0 0 0
1787960368.615 t 72 148787 31 51 0 0 0 0 0 108 108 0 21 644 644 900 1100 0 0 0
1787960368.670 t 73 148839 31 51 0 0 0 0 0 108 108 0 21 644 644 900 1100 0 0 0
1787960368.720 t 74 148891 31 51 0 0 0 0 0 108 108 0 21 644 644 900 1100 0 0 0
1787960368.772 t 75 148943 31 51 0 0 0 0 0 108 108 0 21 644 644 900 1100 0 0 0
1787960368.827 t 76 148995 31 51 0 0 0 0 0 108 108 0 21 644 644 900 1100 0 0 0
1787960368.878 thdr seq now flags x y h ox oy oh vl vr i2cf cyc posl posr dutl dutr lexc wrng cycovr
1787960368.884 t 77 149047 31 51 0 0 0 0 0 108 108 0 21 644 644 900 1100 0 0 0
1787960368.884 === RUN FWD
1787960368.884 >>> WHEELS_V 2000 2000 3000 #10
1787960368.899 ack 10 9 timeout
1787960368.931 t 78 149102 31 63 0 64 0 0 0 4 5 0 22 788 805 2500 2500 0 0 0
1787960369.004 t 79 149174 31 78 0 53 0 0 0 381 354 0 25 988 1002 10000 10000 0 0 0
1787960369.077 t 80 149246 31 124 -1 -105 0 0 0 712 693 0 28 1583 1555 10000 10000 0 0 0
1787960369.148 t 81 149318 31 179 -3 -241 0 0 0 839 794 0 31 2311 2247 10000 10000 0 0 0
1787960369.220 t 82 149390 31 241 -7 -523 0 0 0 909 821 0 34 3127 2988 10000 10000 0 0 0
1787960369.292 t 83 149462 31 303 -15 -869 0 0 0 939 830 0 37 3972 3741 10000 10000 0 0 0
1787960369.363 t 84 149534 31 365 -26 -1106 0 0 0 913 877 0 40 4805 4511 10000 10000 0 0 0
1787960369.436 t 85 149606 31 427 -40 -1411 0 0 0 913 831 0 43 5644 5269 10000 10000 0 0 0
1787960369.521 t 86 149678 31 488 -57 -1701 0 0 0 930 839 0 46 6488 6036 10000 10000 0 0 0
1787960369.580 t 87 149750 31 548 -78 -2024 0 0 0 909 840 0 49 7338 6800 10000 10000 0 0 0
1787960369.652 t 88 149822 31 607 -102 -2269 0 0 0 922 857 0 52 8175 7572 10000 10000 0 0 0
1787960369.727 t 89 149894 31 664 -128 -2521 0 0 0 912 846 0 55 9011 8341 10000 10000 0 0 0
1787960369.796 t 90 149966 31 721 -156 -2792 0 0 0 919 837 0 58 9855 9113 10000 10000 0 0 0
1787960369.868 t 91 150038 31 777 -188 -3097 0 0 0 932 847 0 61 10711 9888 10000 10000 0 0 0
1787960369.939 t 92 150110 31 831 -222 -3274 0 0 0 922 892 0 64 11547 10677 10000 10000 0 0 0
1787960370.013 t 93 150182 31 883 -258 -3533 0 0 0 903 840 0 67 12383 11444 10000 10000 0 0 0
1787960370.083 t 94 150254 31 934 -296 -3804 0 0 0 919 857 0 70 13227 12216 10000 10000 0 0 0
1787960370.155 t 95 150326 31 983 -337 -4098 0 0 0 929 857 0 73 14083 12994 10000 10000 0 0 0
1787960370.229 thdr seq now flags x y h ox oy oh vl vr i2cf cyc posl posr dutl dutr lexc wrng cycovr
1787960370.237 t 96 150398 31 1031 -381 -4263 0 0 0 912 896 0 76 14922 13789 10000 10000 0 0 0
1787960370.299 t 97 150470 31 1077 -425 -4463 0 0 0 883 869 0 79 15761 14575 10000 10000 0 0 0
1787960370.375 t 98 150542 31 1122 -471 -4726 0 0 0 959 857 0 82 16611 15355 10000 10000 0 0 0
1787960370.445 t 99 150614 31 1164 -520 -4944 0 0 0 913 865 0 85 17455 16141 10000 10000 0 0 0
1787960370.515 t 100 150686 31 1205 -569 -5099 0 0 0 913 866 0 88 18294 16939 10000 10000 0 0 0
1787960370.587 t 101 150758 31 1244 -620 -5290 0 0 0 922 867 0 91 19136 17730 10000 10000 0 0 0
1787960370.659 t 102 150830 31 1282 -672 -5520 0 0 0 911 857 0 94 19983 18516 10000 10000 0 0 0
1787960370.731 t 103 150902 31 1318 -726 -5704 0 0 0 909 867 0 97 20827 19311 10000 10000 0 0 0
1787960370.805 t 104 150974 31 1352 -782 -5832 0 0 0 929 902 0 100 21672 20122 10000 10000 0 0 0
1787960370.877 t 105 151046 31 1385 -837 -5979 0 0 0 923 877 0 103 22511 20922 10000 10000 0 0 0
1787960370.947 t 106 151118 31 1416 -894 -6197 0 0 0 932 860 0 106 23361 21714 10000 10000 0 0 0
1787960371.022 t 107 151190 31 1445 -951 -6397 0 0 0 929 857 0 109 24205 22505 10000 10000 0 0 0
1787960371.093 t 108 151262 31 1473 -1010 -6555 0 0 0 923 874 0 112 25047 23305 10000 10000 0 0 0
1787960371.164 t 109 151334 31 1499 -1070 -6720 0 0 0 968 886 0 115 25900 24114 10000 10000 0 0 0
1787960371.236 t 110 151406 31 1523 -1129 -6890 0 0 0 922 867 0 118 26736 24905 10000 10000 0 0 0
1787960371.309 t 111 151478 31 1545 -1191 -7097 0 0 0 956 873 0 121 27591 25705 10000 10000 0 0 0
1787960371.386 t 112 151550 31 1565 -1251 -7232 0 0 0 913 876 0 124 28422 26500 10000 10000 0 0 0
1787960371.454 t 113 151622 31 1584 -1314 -7390 0 0 0 958 876 0 127 29275 27311 10000 10000 0 0 0
1787960371.523 t 114 151694 31 1601 -1376 -7526 0 0 0 903 876 0 130 30111 28111 10000 10000 0 0 0
1787960371.596 thdr seq now flags x y h ox oy oh vl vr i2cf cyc posl posr dutl dutr lexc wrng cycovr
1787960371.604 t 115 151766 31 1616 -1439 -7691 0 0 0 928 876 0 133 30955 28911 10000 10000 0 0 0
1787960371.667 t 116 151838 31 1629 -1503 -7860 0 0 0 891 875 0 136 31800 29711 10000 10000 0 0 0
1787960371.742 t 117 151910 31 1641 -1567 -8007 0 0 0 913 876 0 139 32650 30522 10000 10000 0 0 0
1787960371.813 t 118 151982 31 1652 -1631 -8131 0 0 0 913 876 0 142 33489 31328 10000 10000 0 0 0
1787960371.885 t 119 152054 31 1660 -1695 -8297 0 0 0 929 867 0 145 34330 32125 10000 10000 0 0 0
1787960371.941 t 120 152110 31 1663 -1717 -8455 0 0 0 1004 867 0 146 34636 32389 10000 10000 0 0 0
1787960371.998 t 121 152167 31 1663 -1717 -8455 0 0 0 1004 867 0 146 34636 32389 10000 10000 0 0 0
1787960372.053 t 122 152219 31 1663 -1717 -8455 0 0 0 1004 867 0 146 34636 32389 10000 10000 0 0 0
1787960372.102 t 123 152271 31 1663 -1717 -8455 0 0 0 1004 867 0 146 34636 32389 10000 10000 0 0 0
1787960372.156 t 124 152323 31 1663 -1717 -8455 0 0 0 1004 867 0 146 34636 32389 10000 10000 0 0 0
1787960372.207 t 125 152375 31 1663 -1717 -8455 0 0 0 1004 867 0 146 34636 32389 10000 10000 0 0 0
1787960372.258 t 126 152427 31 1663 -1717 -8455 0 0 0 1004 867 0 146 34636 32389 10000 10000 0 0 0
1787960372.311 t 127 152479 31 1663 -1717 -8455 0 0 0 1004 867 0 146 34636 32389 10000 10000 0 0 0
1787960372.362 t 0 152531 31 1663 -1717 -8455 0 0 0 1004 867 0 146 34636 32389 10000 10000 0 0 0
1787960372.414 t 1 152583 31 1663 -1717 -8455 0 0 0 1004 867 0 146 34636 32389 10000 10000 0 0 0
1787960372.467 t 2 152635 31 1663 -1717 -8455 0 0 0 1004 867 0 146 34636 32389 10000 10000 0 0 0
1787960372.517 t 3 152687 31 1663 -1717 -8455 0 0 0 1004 867 0 146 34636 32389 10000 10000 0 0 0
1787960372.570 t 4 152739 31 1663 -1717 -8455 0 0 0 1004 867 0 146 34636 32389 10000 10000 0 0 0
1787960372.627 t 5 152791 31 1663 -1717 -8455 0 0 0 1004 867 0 146 34636 32389 10000 10000 0 0 0
1787960372.676 thdr seq now flags x y h ox oy oh vl vr i2cf cyc posl posr dutl dutr lexc wrng cycovr
1787960372.683 t 6 152843 31 1663 -1717 -8455 0 0 0 1004 867 0 146 34636 32389 10000 10000 0 0 0
1787960372.735 t 7 152895 31 1663 -1717 -8455 0 0 0 1004 867 0 146 34636 32389 10000 10000 0 0 0
1787960372.785 t 8 152947 31 1663 -1717 -8455 0 0 0 1004 867 0 146 34636 32389 10000 10000 0 0 0
1787960372.833 t 9 152999 31 1663 -1717 -8455 0 0 0 1004 867 0 146 34636 32389 10000 10000 0 0 0
1787960372.882 t 10 153051 31 1663 -1717 -8455 0 0 0 1004 867 0 146 34636 32389 10000 10000 0 0 0
1787960372.941 t 11 153103 31 1663 -1717 -8455 0 0 0 1004 867 0 146 34636 32389 10000 10000 0 0 0
1787960372.985 t 12 153155 31 1663 -1717 -8455 0 0 0 1004 867 0 146 34636 32389 10000 10000 0 0 0
1787960373.038 t 13 153207 31 1663 -1717 -8455 0 0 0 1004 867 0 146 34636 32389 10000 10000 0 0 0
1787960373.100 t 14 153259 31 1663 -1717 -8455 0 0 0 1004 867 0 146 34636 32389 10000 10000 0 0 0
1787960373.143 t 15 153311 31 1663 -1717 -8455 0 0 0 1004 867 0 146 34636 32389 10000 10000 0 0 0
1787960373.196 t 16 153363 31 1663 -1717 -8455 0 0 0 1004 867 0 146 34636 32389 10000 10000 0 0 0
1787960373.246 t 17 153415 31 1663 -1717 -8455 0 0 0 1004 867 0 146 34636 32389 10000 10000 0 0 0
1787960373.299 t 18 153467 31 1663 -1717 -8455 0 0 0 1004 867 0 146 34636 32389 10000 10000 0 0 0
1787960373.353 t 19 153519 31 1663 -1717 -8455 0 0 0 1004 867 0 146 34636 32389 10000 10000 0 0 0
1787960373.402 t 20 153571 31 1663 -1717 -8455 0 0 0 1004 867 0 146 34636 32389 10000 10000 0 0 0
1787960373.460 t 21 153623 31 1663 -1717 -8455 0 0 0 1004 867 0 146 34636 32389 10000 10000 0 0 0
1787960373.509 t 22 153675 31 1663 -1717 -8455 0 0 0 1004 867 0 146 34636 32389 10000 10000 0 0 0
1787960373.558 t 23 153727 31 1663 -1717 -8455 0 0 0 1004 867 0 146 34636 32389 10000 10000 0 0 0
1787960373.609 t 24 153779 31 1663 -1717 -8455 0 0 0 1004 867 0 146 34636 32389 10000 10000 0 0 0
1787960373.663 thdr seq now flags x y h ox oy oh vl vr i2cf cyc posl posr dutl dutr lexc wrng cycovr
1787960373.668 t 25 153831 31 1663 -1717 -8455 0 0 0 1004 867 0 146 34636 32389 10000 10000 0 0 0
1787960373.714 t 26 153883 31 1663 -1717 -8455 0 0 0 1004 867 0 146 34636 32389 10000 10000 0 0 0
1787960373.763 >>> STATUS
1787960373.767 t 27 153935 31 1663 -1717 -8455 0 0 0 1004 867 0 146 34636 32389 10000 10000 0 0 0
1787960373.787 status ready=1 active=1 connL=1 connR=1 otos=0 wedge=0 flags=31 i2cf=0 cyc=146 tlm=full next=11 done=10 reason=timeout
1787960373.818 t 28 153987 31 1663 -1717 -8455 0 0 0 1004 867 0 146 34636 32389 10000 10000 0 0 0
1787960373.869 t 29 154039 31 1663 -1717 -8455 0 0 0 1004 867 0 146 34636 32389 10000 10000 0 0 0
1787960373.924 t 30 154091 31 1663 -1717 -8455 0 0 0 1004 867 0 146 34636 32389 10000 10000 0 0 0
1787960373.973 t 31 154144 31 1663 -1717 -8455 0 0 0 1004 867 0 146 34636 32389 10000 10000 0 0 0
1787960374.029 t 32 154195 31 1663 -1717 -8455 0 0 0 1004 867 0 146 34636 32389 10000 10000 0 0 0
1787960374.078 t 33 154247 31 1663 -1717 -8455 0 0 0 1004 867 0 146 34636 32389 10000 10000 0 0 0
1787960374.130 t 34 154299 31 1663 -1717 -8455 0 0 0 1004 867 0 146 34636 32389 10000 10000 0 0 0
1787960374.181 t 35 154351 31 1663 -1717 -8455 0 0 0 1004 867 0 146 34636 32389 10000 10000 0 0 0
1787960374.234 t 36 154403 31 1663 -1717 -8455 0 0 0 1004 867 0 146 34636 32389 10000 10000 0 0 0
1787960374.286 t 37 154455 31 1663 -1717 -8455 0 0 0 1004 867 0 146 34636 32389 10000 10000 0 0 0
1787960374.337 t 38 154507 31 1663 -1717 -8455 0 0 0 1004 867 0 146 34636 32389 10000 10000 0 0 0
1787960374.389 t 39 154559 31 1663 -1717 -8455 0 0 0 1004 867 0 146 34636 32389 10000 10000 0 0 0
1787960374.443 t 40 154611 31 1663 -1717 -8455 0 0 0 1004 867 0 146 34636 32389 10000 10000 0 0 0
1787960374.494 t 41 154663 31 1663 -1717 -8455 0 0 0 1004 867 0 146 34636 32389 10000 10000 0 0 0
1787960374.545 t 42 154715 31 1663 -1717 -8455 0 0 0 1004 867 0 146 34636 32389 10000 10000 0 0 0
1787960374.597 t 43 154767 31 1663 -1717 -8455 0 0 0 1004 867 0 146 34636 32389 10000 10000 0 0 0
1787960374.650 thdr seq now flags x y h ox oy oh vl vr i2cf cyc posl posr dutl dutr lexc wrng cycovr
1787960374.656 t 44 154819 31 1663 -1717 -8455 0 0 0 1004 867 0 146 34636 32389 10000 10000 0 0 0
1787960374.705 t 45 154871 31 1663 -1717 -8455 0 0 0 1004 867 0 146 34636 32389 10000 10000 0 0 0
1787960374.753 t 46 154923 31 1663 -1717 -8455 0 0 0 1004 867 0 146 34636 32389 10000 10000 0 0 0
1787960375.805 t 47 154975 31 1663 -1717 -8455 0 0 0 1004 867 0 146 34636 32389 10000 10000 0 0 0
1787960375.805 t 48 155027 31 1663 -1717 -8455 0 0 0 1004 867 0 146 34636 32389 10000 10000 0 0 0
1787960375.805 t 49 155079 31 1663 -1717 -8455 0 0 0 1004 867 0 146 34636 32389 10000 10000 0 0 0
1787960375.805 t 50 155131 31 1663 -1717 -8455 0 0 0 1004 867 0 146 34636 32389 10000 10000 0 0 0
1787960375.805 t 51 155183 31 1663 -1717 -8455 0 0 0 1004 867 0 146 34636 32389 10000 10000 0 0 0
1787960375.805 t 52 155235 31 1663 -1717 -8455 0 0 0 1004 867 0 146 34636 32389 10000 10000 0 0 0
1787960375.805 t 53 155287 31 1663 -1717 -8455 0 0 0 1004 867 0 146 34636 32389 10000 10000 0 0 0
1787960375.805 t 54 155339 31 1663 -1717 -8455 0 0 0 1004 867 0 146 34636 32389 10000 10000 0 0 0
1787960375.805 t 55 155391 31 1663 -1717 -8455 0 0 0 1004 867 0 146 34636 32389 10000 10000 0 0 0
1787960375.805 t 56 155443 31 1663 -1717 -8455 0 0 0 1004 867 0 146 34636 32389 10000 10000 0 0 0
1787960375.805 t 57 155495 31 1663 -1717 -8455 0 0 0 1004 867 0 146 34636 32389 10000 10000 0 0 0
1787960375.805 t 58 155547 31 1663 -1717 -8455 0 0 0 1004 867 0 146 34636 32389 10000 10000 0 0 0
1787960375.805 t 59 155599 31 1663 -1717 -8455 0 0 0 1004 867 0 146 34636 32389 10000 10000 0 0 0
1787960375.805 t 60 155651 31 1663 -1717 -8455 0 0 0 1004 867 0 146 34636 32389 10000 10000 0 0 0
1787960375.805 t 61 155703 31 1663 -1717 -8455 0 0 0 1004 867 0 146 34636 32389 10000 10000 0 0 0
1787960375.805 t 62 155755 31 1663 -1717 -8455 0 0 0 1004 867 0 146 34636 32389 10000 10000 0 0 0
1787960375.805 thdr seq now flags x y h ox oy oh vl vr i2cf cyc posl posr dutl dutr lexc wrng cycovr
1787960375.805 t 63 155807 31 1663 -1717 -8455 0 0 0 1004 867 0 146 34636 32389 10000 10000 0 0 0
1787960375.805 t 64 155859 31 1663 -1717 -8455 0 0 0 1004 867 0 146 34636 32389 10000 10000 0 0 0
1787960375.805 t 65 155911 31 1663 -1717 -8455 0 0 0 1004 867 0 146 34636 32389 10000 10000 0 0 0
1787960375.805 t 66 155963 31 1663 -1717 -8455 0 0 0 1004 867 0 146 34636 32389 10000 10000 0 0 0
1787960375.846 t 67 156015 31 1663 -1717 -8455 0 0 0 1004 867 0 146 34636 32389 10000 10000 0 0 0
1787960375.897 t 68 156067 31 1663 -1717 -8455 0 0 0 1004 867 0 146 34636 32389 10000 10000 0 0 0
1787960375.950 t 69 156119 31 1663 -1717 -8455 0 0 0 1004 867 0 146 34636 32389 10000 10000 0 0 0
1787960376.006 t 70 156171 31 1663 -1717 -8455 0 0 0 1004 867 0 146 34636 32389 10000 10000 0 0 0
1787960376.054 t 71 156223 31 1663 -1717 -8455 0 0 0 1004 867 0 146 34636 32389 10000 10000 0 0 0
1787960376.110 t 72 156275 31 1663 -1717 -8455 0 0 0 1004 867 0 146 34636 32389 10000 10000 0 0 0
1787960376.158 t 73 156327 31 1663 -1717 -8455 0 0 0 1004 867 0 146 34636 32389 10000 10000 0 0 0
1787960376.213 t 74 156379 31 1663 -1717 -8455 0 0 0 1004 867 0 146 34636 32389 10000 10000 0 0 0
1787960376.261 t 75 156431 31 1663 -1717 -8455 0 0 0 1004 867 0 146 34636 32389 10000 10000 0 0 0
1787960376.316 t 76 156483 31 1663 -1717 -8455 0 0 0 1004 867 0 146 34636 32389 10000 10000 0 0 0
1787960376.366 t 77 156535 31 1663 -1717 -8455 0 0 0 1004 867 0 146 34636 32389 10000 10000 0 0 0
1787960376.418 t 78 156587 31 1663 -1717 -8455 0 0 0 1004 867 0 146 34636 32389 10000 10000 0 0 0
1787960376.472 t 79 156639 31 1663 -1717 -8455 0 0 0 1004 867 0 146 34636 32389 10000 10000 0 0 0
1787960376.522 t 80 156691 31 1663 -1717 -8455 0 0 0 1004 867 0 146 34636 32389 10000 10000 0 0 0
1787960376.574 t 81 156743 31 1663 -1717 -8455 0 0 0 1004 867 0 146 34636 32389 10000 10000 0 0 0
1787960376.625 thdr seq now flags x y h ox oy oh vl vr i2cf cyc posl posr dutl dutr lexc wrng cycovr
1787960376.632 t 82 156795 31 1663 -1717 -8455 0 0 0 1004 867 0 146 34636 32389 10000 10000 0 0 0
1787960376.678 t 83 156847 31 1663 -1717 -8455 0 0 0 1004 867 0 146 34636 32389 10000 10000 0 0 0
1787960376.731 t 84 156899 31 1663 -1717 -8455 0 0 0 1004 867 0 146 34636 32389 10000 10000 0 0 0
1787960376.782 t 85 156951 31 1663 -1717 -8455 0 0 0 1004 867 0 146 34636 32389 10000 10000 0 0 0
1787960376.830 === RUN REV
1787960376.831 >>> WHEELS_V -2000 -2000 3000 #11
1787960376.834 t 86 157003 31 1663 -1717 -8455 0 0 0 1004 867 0 146 34636 32389 10000 10000 0 0 0
1787960376.845 ack 11 10 timeout
1787960376.904 t 87 157074 31 1693 -1940 -7947 0 0 0 -62 -34 0 148 37428 35316 -5000 -5000 0 0 0
1787960376.976 t 88 157146 31 1688 -1917 -7620 0 0 0 -556 -437 0 151 37075 35050 -10000 -10000 0 0 0
1787960377.050 t 89 157218 31 1675 -1872 -7225 0 0 0 -764 -631 0 154 36428 34508 -10000 -10000 0 0 0
1787960377.120 t 90 157290 31 1656 -1820 -6750 0 0 0 -867 -729 0 157 35666 33872 -10000 -10000 0 0 0
1787960377.191 t 91 157362 31 1631 -1765 -6314 0 0 0 -894 -785 0 160 34844 33166 -10000 -10000 0 0 0
1787960377.264 t 92 157434 31 1601 -1711 -5998 0 0 0 -902 -811 0 163 34019 32425 -10000 -10000 0 0 0
1787960377.339 t 93 157506 31 1569 -1660 -5667 0 0 0 -893 -795 0 166 33200 31694 -10000 -10000 0 0 0
1787960377.409 t 94 157578 31 1533 -1609 -5362 0 0 0 -904 -814 0 169 32380 30955 -10000 -10000 0 0 0
1787960377.481 t 95 157650 31 1495 -1561 -5020 0 0 0 -893 -821 0 172 31550 30216 -10000 -10000 0 0 0
1787960377.551 t 96 157722 31 1454 -1515 -4737 0 0 0 -893 -811 0 175 30728 29469 -10000 -10000 0 0 0
1787960377.628 t 97 157794 31 1411 -1471 -4440 0 0 0 -886 -821 0 178 29905 28725 -10000 -10000 0 0 0
1787960377.695 t 98 157866 31 1365 -1429 -4116 0 0 0 -886 -802 0 181 29083 27989 -10000 -10000 0 0 0
1787960377.769 t 99 157938 31 1317 -1390 -3774 0 0 0 -903 -804 0 184 28247 27244 -10000 -10000 0 0 0
1787960377.841 t 100 158010 31 1267 -1353 -3533 0 0 0 -903 -847 0 187 27425 26486 -10000 -10000 0 0 0
1787960377.913 thdr seq now flags x y h ox oy oh vl vr i2cf cyc posl posr dutl dutr lexc wrng cycovr
1787960377.920 t 101 158082 31 1216 -1319 -3228 0 0 0 -897 -804 0 190 26602 25744 -10000 -10000 0 0 0
1787960377.986 t 102 158154 31 1162 -1287 -2924 0 0 0 -878 -813 0 193 25777 25000 -10000 -10000 0 0 0
1787960378.059 t 103 158226 31 1107 -1259 -2615 0 0 0 -892 -810 0 196 24950 24255 -10000 -10000 0 0 0
1787960378.133 t 104 158298 31 1051 -1233 -2359 0 0 0 -895 -848 0 199 24127 23500 -10000 -10000 0 0 0
1787960378.202 t 105 158370 31 993 -1210 -2092 0 0 0 -908 -821 0 202 23300 22744 -10000 -10000 0 0 0
1787960378.272 t 106 158442 31 934 -1189 -1776 0 0 0 -933 -821 0 205 22466 21994 -10000 -10000 0 0 0
1787960378.345 t 107 158514 31 875 -1172 -1505 0 0 0 -893 -821 0 208 21644 21244 -10000 -10000 0 0 0
1787960378.418 t 108 158586 31 814 -1158 -1298 0 0 0 -913 -877 0 211 20822 20477 -10000 -10000 0 0 0
1787960378.489 t 109 158658 31 753 -1145 -1046 0 0 0 -903 -837 0 214 20000 19722 -10000 -10000 0 0 0
1787960378.567 t 110 158730 31 691 -1136 -741 0 0 0 -903 -820 0 217 19161 18964 -10000 -10000 0 0 0
1787960378.631 t 111 158802 31 629 -1129 -504 0 0 0 -909 -821 0 220 18339 18205 -10000 -10000 0 0 0
1787960378.708 t 112 158874 31 567 -1125 -294 0 0 0 -883 -840 0 223 17522 17444 -10000 -10000 0 0 0
1787960378.776 t 113 158946 31 504 -1123 -117 0 0 0 -894 -847 0 226 16700 16669 -10000 -10000 0 0 0
1787960378.850 t 114 159018 31 441 -1124 177 0 0 0 -923 -840 0 229 15858 15905 -10000 -10000 0 0 0
1787960378.922 t 115 159090 31 378 -1127 384 0 0 0 -883 -840 0 232 15039 15141 -10000 -10000 0 0 0
1787960378.991 t 116 159162 31 316 -1133 606 0 0 0 -903 -846 0 235 14214 14375 -10000 -10000 0 0 0
1787960379.066 t 117 159234 31 253 -1141 865 0 0 0 -965 -840 0 238 13372 13602 -10000 -10000 0 0 0
1787960379.136 t 118 159306 31 191 -1151 1046 0 0 0 -912 -838 0 241 12555 12833 -10000 -10000 0 0 0
1787960379.208 t 119 159378 31 130 -1164 1234 0 0 0 -902 -847 0 244 11730 12058 -10000 -10000 0 0 0
1787960379.294 thdr seq now flags x y h ox oy oh vl vr i2cf cyc posl posr dutl dutr lexc wrng cycovr
1787960379.294 t 120 159450 31 69 -1179 1430 0 0 0 -903 -860 0 247 10908 11288 -10000 -10000 0 0 0
1787960379.354 t 121 159522 31 7 -1196 1633 0 0 0 -908 -844 0 250 10077 10511 -10000 -10000 0 0 0
1787960379.425 t 122 159594 31 -53 -1214 1810 0 0 0 -893 -848 0 253 9255 9736 -10000 -10000 0 0 0
1787960379.496 t 123 159666 31 -112 -1235 2017 0 0 0 -913 -841 0 256 8427 8963 -10000 -10000 0 0 0
1787960379.569 t 124 159738 31 -171 -1258 2186 0 0 0 -903 -858 0 259 7605 8186 -10000 -10000 0 0 0
1787960379.641 t 125 159810 31 -229 -1283 2344 0 0 0 -924 -857 0 262 6777 7400 -10000 -10000 0 0 0
1787960379.712 t 126 159882 31 -286 -1309 2521 0 0 0 -893 -857 0 265 5955 6625 -10000 -10000 0 0 0
1787960379.785 t 127 159954 31 -343 -1338 2762 0 0 0 -950 -847 0 268 5116 5850 -10000 -10000 0 0 0
1787960379.858 t 0 160026 31 -398 -1368 2875 0 0 0 -893 -865 0 271 4305 5069 -10000 -10000 0 0 0
1787960379.911 t 1 160082 31 -398 -1368 2875 0 0 0 -893 -865 0 271 4305 5069 -10000 -10000 0 0 0
1787960379.968 t 2 160138 31 -398 -1368 2875 0 0 0 -893 -865 0 271 4305 5069 -10000 -10000 0 0 0
1787960380.023 t 3 160194 31 -398 -1368 2875 0 0 0 -893 -865 0 271 4305 5069 -10000 -10000 0 0 0
1787960380.080 t 4 160250 31 -398 -1368 2875 0 0 0 -893 -865 0 271 4305 5069 -10000 -10000 0 0 0
1787960380.136 t 5 160306 31 -398 -1368 2875 0 0 0 -893 -865 0 271 4305 5069 -10000 -10000 0 0 0
1787960380.192 t 6 160362 31 -398 -1368 2875 0 0 0 -893 -865 0 271 4305 5069 -10000 -10000 0 0 0
1787960380.247 t 7 160418 31 -398 -1368 2875 0 0 0 -893 -865 0 271 4305 5069 -10000 -10000 0 0 0
1787960380.308 t 8 160474 31 -398 -1368 2875 0 0 0 -893 -865 0 271 4305 5069 -10000 -10000 0 0 0
1787960380.362 t 9 160530 31 -398 -1368 2875 0 0 0 -893 -865 0 271 4305 5069 -10000 -10000 0 0 0
1787960380.415 t 10 160586 31 -398 -1368 2875 0 0 0 -893 -865 0 271 4305 5069 -10000 -10000 0 0 0
1787960380.478 thdr seq now flags x y h ox oy oh vl vr i2cf cyc posl posr dutl dutr lexc wrng cycovr
1787960380.481 t 11 160643 31 -398 -1368 2875 0 0 0 -893 -865 0 271 4305 5069 -10000 -10000 0 0 0
1787960380.527 t 12 160695 31 -398 -1368 2875 0 0 0 -893 -865 0 271 4305 5069 -10000 -10000 0 0 0
1787960380.580 t 13 160747 31 -398 -1368 2875 0 0 0 -893 -865 0 271 4305 5069 -10000 -10000 0 0 0
1787960380.631 t 14 160799 31 -398 -1368 2875 0 0 0 -893 -865 0 271 4305 5069 -10000 -10000 0 0 0
1787960380.689 t 15 160851 31 -398 -1368 2875 0 0 0 -893 -865 0 271 4305 5069 -10000 -10000 0 0 0
1787960380.734 t 16 160903 31 -398 -1368 2875 0 0 0 -893 -865 0 271 4305 5069 -10000 -10000 0 0 0
1787960380.787 t 17 160955 31 -398 -1368 2875 0 0 0 -893 -865 0 271 4305 5069 -10000 -10000 0 0 0
1787960380.850 t 18 161007 31 -398 -1368 2875 0 0 0 -893 -865 0 271 4305 5069 -10000 -10000 0 0 0
1787960380.890 t 19 161059 31 -398 -1368 2875 0 0 0 -893 -865 0 271 4305 5069 -10000 -10000 0 0 0
1787960380.951 t 20 161111 31 -398 -1368 2875 0 0 0 -893 -865 0 271 4305 5069 -10000 -10000 0 0 0
1787960380.994 t 21 161163 31 -398 -1368 2875 0 0 0 -893 -865 0 271 4305 5069 -10000 -10000 0 0 0
1787960381.053 t 22 161215 31 -398 -1368 2875 0 0 0 -893 -865 0 271 4305 5069 -10000 -10000 0 0 0
1787960381.098 t 23 161267 31 -398 -1368 2875 0 0 0 -893 -865 0 271 4305 5069 -10000 -10000 0 0 0
1787960381.167 t 24 161319 31 -398 -1368 2875 0 0 0 -893 -865 0 271 4305 5069 -10000 -10000 0 0 0
1787960381.203 t 25 161371 31 -398 -1368 2875 0 0 0 -893 -865 0 271 4305 5069 -10000 -10000 0 0 0
1787960381.258 t 26 161423 31 -398 -1368 2875 0 0 0 -893 -865 0 271 4305 5069 -10000 -10000 0 0 0
1787960381.306 t 27 161475 31 -398 -1368 2875 0 0 0 -893 -865 0 271 4305 5069 -10000 -10000 0 0 0
1787960381.365 t 28 161527 31 -398 -1368 2875 0 0 0 -893 -865 0 271 4305 5069 -10000 -10000 0 0 0
1787960381.413 t 29 161579 31 -398 -1368 2875 0 0 0 -893 -865 0 271 4305 5069 -10000 -10000 0 0 0
1787960381.464 thdr seq now flags x y h ox oy oh vl vr i2cf cyc posl posr dutl dutr lexc wrng cycovr
1787960381.473 t 30 161631 31 -398 -1368 2875 0 0 0 -893 -865 0 271 4305 5069 -10000 -10000 0 0 0
1787960381.514 t 31 161683 31 -398 -1368 2875 0 0 0 -893 -865 0 271 4305 5069 -10000 -10000 0 0 0
1787960381.569 t 32 161735 31 -398 -1368 2875 0 0 0 -893 -865 0 271 4305 5069 -10000 -10000 0 0 0
1787960381.617 t 33 161787 31 -398 -1368 2875 0 0 0 -893 -865 0 271 4305 5069 -10000 -10000 0 0 0
1787960381.672 t 34 161839 31 -398 -1368 2875 0 0 0 -893 -865 0 271 4305 5069 -10000 -10000 0 0 0
1787960381.719 >>> STATUS
1787960381.721 t 35 161891 31 -398 -1368 2875 0 0 0 -893 -865 0 271 4305 5069 -10000 -10000 0 0 0
1787960381.734 status ready=1 active=1 connL=1 connR=1 otos=0 wedge=0 flags=31 i2cf=0 cyc=271 tlm=full next=12 done=11 reason=timeout
1787960381.776 t 36 161943 31 -398 -1368 2875 0 0 0 -893 -865 0 271 4305 5069 -10000 -10000 0 0 0
1787960381.826 t 37 161995 31 -398 -1368 2875 0 0 0 -893 -865 0 271 4305 5069 -10000 -10000 0 0 0
1787960381.879 t 38 162047 31 -398 -1368 2875 0 0 0 -893 -865 0 271 4305 5069 -10000 -10000 0 0 0
1787960381.929 t 39 162099 31 -398 -1368 2875 0 0 0 -893 -865 0 271 4305 5069 -10000 -10000 0 0 0
1787960381.982 t 40 162151 31 -398 -1368 2875 0 0 0 -893 -865 0 271 4305 5069 -10000 -10000 0 0 0
1787960382.033 t 41 162203 31 -398 -1368 2875 0 0 0 -893 -865 0 271 4305 5069 -10000 -10000 0 0 0
1787960382.088 t 42 162255 31 -398 -1368 2875 0 0 0 -893 -865 0 271 4305 5069 -10000 -10000 0 0 0
1787960382.137 t 43 162307 31 -398 -1368 2875 0 0 0 -893 -865 0 271 4305 5069 -10000 -10000 0 0 0
1787960382.191 t 44 162359 31 -398 -1368 2875 0 0 0 -893 -865 0 271 4305 5069 -10000 -10000 0 0 0
1787960382.241 t 45 162411 31 -398 -1368 2875 0 0 0 -893 -865 0 271 4305 5069 -10000 -10000 0 0 0
1787960382.294 t 46 162463 31 -398 -1368 2875 0 0 0 -893 -865 0 271 4305 5069 -10000 -10000 0 0 0
1787960382.348 t 47 162515 31 -398 -1368 2875 0 0 0 -893 -865 0 271 4305 5069 -10000 -10000 0 0 0
1787960382.397 t 48 162567 31 -398 -1368 2875 0 0 0 -893 -865 0 271 4305 5069 -10000 -10000 0 0 0
1787960382.450 thdr seq now flags x y h ox oy oh vl vr i2cf cyc posl posr dutl dutr lexc wrng cycovr
1787960382.458 t 49 162619 31 -398 -1368 2875 0 0 0 -893 -865 0 271 4305 5069 -10000 -10000 0 0 0
1787960382.502 t 50 162671 31 -398 -1368 2875 0 0 0 -893 -865 0 271 4305 5069 -10000 -10000 0 0 0
1787960382.553 t 51 162723 31 -398 -1368 2875 0 0 0 -893 -865 0 271 4305 5069 -10000 -10000 0 0 0
1787960382.605 t 52 162775 31 -398 -1368 2875 0 0 0 -893 -865 0 271 4305 5069 -10000 -10000 0 0 0
1787960382.662 t 53 162827 31 -398 -1368 2875 0 0 0 -893 -865 0 271 4305 5069 -10000 -10000 0 0 0
1787960382.709 t 54 162879 31 -398 -1368 2875 0 0 0 -893 -865 0 271 4305 5069 -10000 -10000 0 0 0
1787960382.758 >>> STOP #12
1787960382.770 t 55 162931 31 -398 -1368 2875 0 0 0 -893 -865 0 271 4305 5069 -10000 -10000 0 0 0
1787960382.772 ack 12 11 timeout
1787960382.813 t 56 162983 31 -398 -1368 2875 0 0 0 -893 -865 0 271 4305 5069 -10000 -10000 0 0 0
1787960382.868 t 57 163035 31 -398 -1368 2875 0 0 0 -893 -865 0 271 4305 5069 -10000 -10000 0 0 0
1787960382.918 t 58 163087 31 -398 -1368 2875 0 0 0 -893 -865 0 271 4305 5069 -10000 -10000 0 0 0
1787960382.973 t 59 163139 31 -398 -1368 2875 0 0 0 -893 -865 0 271 4305 5069 -10000 -10000 0 0 0
1787960383.021 t 60 163191 31 -398 -1368 2875 0 0 0 -893 -865 0 271 4305 5069 -10000 -10000 0 0 0
1787960383.074 t 61 163243 31 -398 -1368 2875 0 0 0 -893 -865 0 271 4305 5069 -10000 -10000 0 0 0
1787960383.125 t 62 163295 31 -398 -1368 2875 0 0 0 -893 -865 0 271 4305 5069 -10000 -10000 0 0 0
1787960383.178 t 63 163347 31 -398 -1368 2875 0 0 0 -893 -865 0 271 4305 5069 -10000 -10000 0 0 0
1787960383.231 t 64 163399 31 -398 -1368 2875 0 0 0 -893 -865 0 271 4305 5069 -10000 -10000 0 0 0
1787960383.281 t 65 163451 31 -398 -1368 2875 0 0 0 -893 -865 0 271 4305 5069 -10000 -10000 0 0 0
1787960383.336 t 66 163503 31 -398 -1368 2875 0 0 0 -893 -865 0 271 4305 5069 -10000 -10000 0 0 0
1787960383.385 t 67 163555 31 -398 -1368 2875 0 0 0 -893 -865 0 271 4305 5069 -10000 -10000 0 0 0
1787960383.437 thdr seq now flags x y h ox oy oh vl vr i2cf cyc posl posr dutl dutr lexc wrng cycovr
1787960383.448 t 68 163607 31 -398 -1368 2875 0 0 0 -893 -865 0 271 4305 5069 -10000 -10000 0 0 0
1787960383.489 t 69 163659 31 -398 -1368 2875 0 0 0 -893 -865 0 271 4305 5069 -10000 -10000 0 0 0
1787960383.541 t 70 163711 31 -398 -1368 2875 0 0 0 -893 -865 0 271 4305 5069 -10000 -10000 0 0 0
1787960383.593 t 71 163763 31 -398 -1368 2875 0 0 0 -893 -865 0 271 4305 5069 -10000 -10000 0 0 0
1787960383.645 t 72 163815 31 -398 -1368 2875 0 0 0 -893 -865 0 271 4305 5069 -10000 -10000 0 0 0
1787960383.697 t 73 163867 31 -398 -1368 2875 0 0 0 -893 -865 0 271 4305 5069 -10000 -10000 0 0 0
1787960383.750 t 74 163919 31 -398 -1368 2875 0 0 0 -893 -865 0 271 4305 5069 -10000 -10000 0 0 0
1787960383.798 >>> TLM OFF #13
1787960383.801 t 75 163971 31 -398 -1368 2875 0 0 0 -893 -865 0 271 4305 5069 -10000 -10000 0 0 0
1787960383.805 ack 13 11 timeout
1787960384.809 >>> STATUS
1787960384.838 status ready=1 active=1 connL=1 connR=1 otos=0 wedge=0 flags=31 i2cf=0 cyc=271 tlm=off next=14 done=11 reason=timeout
