1787958517.369 >>> HELLO
1787958517.391 device NEZHA2 robot vevov 1198504156
1787958518.399 >>> VER
1787958518.411 ver 0.20260827.2
1787958519.419 >>> STATUS
1787958519.444 status ready=0 active=0 connL=0 connR=0 otos=1 wedge=0 flags=0 i2cf=0 cyc=0 tlm=off next=1 done=0 reason=none
1787958520.449 >>> GET max_duty #1
1787958520.467 ack 1 0 none
1787958520.467 get max_duty 100.000008
1787958521.472 >>> GET full_duty_velocity #2
1787958521.490 ack 2 0 none
1787958521.492 get full_duty_velocity 10795.000977
1787958522.500 >>> GET pid_kp #3
1787958522.515 ack 3 0 none
1787958522.515 get pid_kp 0.000000
1787958523.522 >>> GET pid_ki #4
1787958523.541 ack 4 0 none
1787958523.541 get pid_ki 6.000000
1787958524.548 >>> GET pid_i_max #5
1787958524.563 ack 5 0 none
1787958524.563 get pid_i_max 765.600037
1787958525.567 >>> GET pid_max #6
1787958525.579 ack 6 0 none
1787958525.579 get pid_max 1276.000000
1787958526.591 >>> GET twist_hold_gain #7
1787958526.611 ack 7 0 none
1787958526.611 get twist_hold_gain 2.000000
1787958527.619 >>> TLM FULL #8
1787958527.637 ack 8 0 none
1787958527.675 thdr seq now flags x y h ox oy oh vl vr i2cf cyc posl posr dutl dutr lexc wrng cycovr
1787958527.676 t 1 351751 0 0 0 0 52 0 -101 0 0 0 0 0 0 0 0 0 0 0
1787958527.721 t 2 351807 0 0 0 0 52 0 -101 0 0 0 0 0 0 0 0 0 0 0
1787958527.779 t 3 351863 0 0 0 0 52 0 -101 0 0 0 0 0 0 0 0 0 0 0
1787958527.846 t 4 351919 0 0 0 0 52 0 -101 0 0 0 0 0 0 0 0 0 0 0
1787958527.888 t 5 351975 0 0 0 0 52 0 -101 0 0 0 0 0 0 0 0 0 0 0
1787958527.956 t 6 352031 0 0 0 0 52 0 -101 0 0 0 0 0 0 0 0 0 0 0
1787958527.997 t 7 352087 0 0 0 0 52 0 -101 0 0 0 0 0 0 0 0 0 0 0
1787958528.056 t 8 352143 0 0 0 0 52 0 -101 0 0 0 0 0 0 0 0 0 0 0
1787958528.111 t 9 352199 0 0 0 0 52 0 -101 0 0 0 0 0 0 0 0 0 0 0
1787958528.167 t 10 352255 0 0 0 0 52 0 -101 0 0 0 0 0 0 0 0 0 0 0
1787958528.221 t 11 352311 0 0 0 0 52 0 -101 0 0 0 0 0 0 0 0 0 0 0
1787958528.287 t 12 352367 0 0 0 0 52 0 -101 0 0 0 0 0 0 0 0 0 0 0
1787958528.332 t 13 352423 0 0 0 0 52 0 -101 0 0 0 0 0 0 0 0 0 0 0
1787958528.392 t 14 352479 0 0 0 0 52 0 -101 0 0 0 0 0 0 0 0 0 0 0
1787958528.450 t 15 352535 0 0 0 0 52 0 -101 0 0 0 0 0 0 0 0 0 0 0
1787958528.502 t 16 352591 0 0 0 0 52 0 -101 0 0 0 0 0 0 0 0 0 0 0
1787958528.572 t 17 352647 0 0 0 0 52 0 -101 0 0 0 0 0 0 0 0 0 0 0
1787958528.615 t 18 352703 0 0 0 0 52 0 -101 0 0 0 0 0 0 0 0 0 0 0
1787958528.674 >>> WHEELS_V 100 100 500 #9
1787958528.674 t 19 352759 0 0 0 0 52 0 -102 0 0 0 0 0 0 0 0 0 0 0
1787958528.705 ack 9 0 none
1787958528.740 thdr seq now flags x y h ox oy oh vl vr i2cf cyc posl posr dutl dutr lexc wrng cycovr
1787958528.745 t 20 352827 31 0 0 0 52 0 -102 13 13 0 2 5 5 1300 1300 0 0 0
1787958528.812 t 21 352899 31 8 0 43 52 0 -102 90 125 0 5 102 116 1600 1500 0 0 0
1787958528.882 t 22 352971 31 16 0 173 52 0 -102 96 146 0 8 205 261 1500 1200 0 0 0
1787958528.955 t 23 353043 31 24 0 223 52 0 -102 96 114 0 11 305 377 1600 1100 0 0 0
1787958529.026 t 24 353115 31 32 0 214 52 0 -102 114 1435 0 14 422 491 1100 2400 0 0 0
1787958529.108 t 25 353187 31 40 0 310 52 0 -102 114 129 0 17 527 627 1600 800 0 0 0
1787958529.170 t 26 353259 31 47 1 241 52 0 -102 111 82 0 20 638 716 1600 800 0 0 0
1787958529.230 t 27 353315 31 50 1 189 52 0 -102 131 82 0 21 683 744 1600 800 0 0 0
1787958529.289 t 28 353371 31 50 1 189 52 0 -102 131 82 0 21 683 744 1600 800 0 0 0
1787958529.340 t 29 353428 31 50 1 189 52 0 -102 131 82 0 21 683 744 1600 800 0 0 0
1787958529.396 t 30 353483 31 50 1 189 52 0 -102 131 82 0 21 683 744 1600 800 0 0 0
1787958529.450 t 31 353539 31 50 1 189 52 0 -102 131 82 0 21 683 744 1600 800 0 0 0
1787958529.516 t 32 353595 31 50 1 189 52 0 -102 131 82 0 21 683 744 1600 800 0 0 0
1787958529.562 t 33 353651 31 50 1 189 52 0 -102 131 82 0 21 683 744 1600 800 0 0 0
1787958529.619 t 34 353707 31 50 1 189 52 0 -102 131 82 0 21 683 744 1600 800 0 0 0
1787958529.675 t 35 353763 31 50 1 189 52 0 -102 131 82 0 21 683 744 1600 800 0 0 0
1787958529.730 t 36 353819 31 50 1 189 52 0 -102 131 82 0 21 683 744 1600 800 0 0 0
1787958529.795 t 37 353875 31 50 1 189 52 0 -102 131 82 0 21 683 744 1600 800 0 0 0
1787958529.843 t 38 353931 31 50 1 189 52 0 -102 131 82 0 21 683 744 1600 800 0 0 0
1787958529.900 thdr seq now flags x y h ox oy oh vl vr i2cf cyc posl posr dutl dutr lexc wrng cycovr
1787958529.912 t 39 353987 31 50 1 189 52 0 -102 131 82 0 21 683 744 1600 800 0 0 0
1787958529.952 t 40 354039 31 50 1 189 52 0 -102 131 82 0 21 683 744 1600 800 0 0 0
1787958530.009 t 41 354095 31 50 1 189 52 0 -102 131 82 0 21 683 744 1600 800 0 0 0
1787958530.085 t 42 354151 31 50 1 189 52 0 -102 131 82 0 21 683 744 1600 800 0 0 0
1787958530.179 t 43 354208 31 50 1 189 52 0 -102 131 82 0 21 683 744 1600 800 0 0 0
1787958530.185 t 44 354263 31 50 1 189 52 0 -102 131 82 0 21 683 744 1600 800 0 0 0
1787958530.236 t 45 354319 31 50 1 189 52 0 -102 131 82 0 21 683 744 1600 800 0 0 0
1787958530.289 t 46 354375 31 50 1 189 52 0 -102 131 82 0 21 683 744 1600 800 0 0 0
1787958530.373 t 47 354431 31 50 1 189 52 0 -102 131 82 0 21 683 744 1600 800 0 0 0
1787958530.409 t 48 354487 31 50 1 189 52 0 -102 131 82 0 21 683 744 1600 800 0 0 0
1787958530.454 t 49 354543 31 50 1 189 52 0 -103 131 82 0 21 683 744 1600 800 0 0 0
1787958530.511 t 50 354599 31 50 1 189 52 0 -103 131 82 0 21 683 744 1600 800 0 0 0
1787958530.566 t 51 354655 31 50 1 189 52 0 -103 131 82 0 21 683 744 1600 800 0 0 0
1787958530.624 t 52 354711 31 50 1 189 52 0 -103 131 82 0 21 683 744 1600 800 0 0 0
1787958530.679 t 53 354767 31 50 1 189 52 0 -102 131 82 0 21 683 744 1600 800 0 0 0
1787958530.745 t 54 354823 31 50 1 189 52 0 -102 131 82 0 21 683 744 1600 800 0 0 0
1787958530.791 t 55 354879 31 50 1 189 52 0 -102 131 82 0 21 683 744 1600 800 0 0 0
1787958530.846 >>> STATUS
1787958530.848 t 56 354936 31 50 1 189 52 0 -102 131 82 0 21 683 744 1600 800 0 0 0
1787958530.867 status ready=1 active=1 connL=1 connR=1 otos=1 wedge=0 flags=31 i2cf=0 cyc=21 tlm=full next=10 done=9 reason=timeout
1787958530.905 t 57 354991 31 50 1 189 52 0 -102 131 82 0 21 683 744 1600 800 0 0 0
1787958530.959 thdr seq now flags x y h ox oy oh vl vr i2cf cyc posl posr dutl dutr lexc wrng cycovr
1787958530.970 t 58 355047 31 50 1 189 52 0 -102 131 82 0 21 683 744 1600 800 0 0 0
1787958531.014 t 59 355099 31 50 1 189 52 0 -102 131 82 0 21 683 744 1600 800 0 0 0
1787958531.067 t 60 355155 31 50 1 189 52 0 -102 131 82 0 21 683 744 1600 800 0 0 0
1787958531.124 t 61 355211 31 50 1 189 52 0 -102 131 82 0 21 683 744 1600 800 0 0 0
1787958531.180 t 62 355267 31 50 1 189 52 0 -102 131 82 0 21 683 744 1600 800 0 0 0
1787958531.235 t 63 355323 31 50 1 189 52 0 -102 131 82 0 21 683 744 1600 800 0 0 0
1787958531.289 t 64 355379 31 50 1 189 52 0 -102 131 82 0 21 683 744 1600 800 0 0 0
1787958531.345 t 65 355435 31 50 1 189 52 0 -102 131 82 0 21 683 744 1600 800 0 0 0
1787958531.402 t 66 355491 31 50 1 189 52 0 -102 131 82 0 21 683 744 1600 800 0 0 0
1787958531.461 t 67 355547 31 50 1 189 52 0 -103 131 82 0 21 683 744 1600 800 0 0 0
1787958531.517 t 68 355603 31 50 1 189 52 0 -103 131 82 0 21 683 744 1600 800 0 0 0
1787958531.571 t 69 355659 31 50 1 189 52 0 -103 131 82 0 21 683 744 1600 800 0 0 0
1787958531.628 t 70 355716 31 50 1 189 52 0 -103 131 82 0 21 683 744 1600 800 0 0 0
1787958531.682 t 71 355771 31 50 1 189 52 0 -103 131 82 0 21 683 744 1600 800 0 0 0
1787958531.739 t 72 355827 31 50 1 189 52 0 -103 131 82 0 21 683 744 1600 800 0 0 0
1787958531.809 t 73 355883 31 50 1 189 52 0 -103 131 82 0 21 683 744 1600 800 0 0 0
1787958531.849 === RUN FWD
1787958531.849 >>> WHEELS_V 2000 2000 3000 #10
1787958531.851 t 74 355939 31 50 1 189 52 0 -103 131 82 0 21 683 744 1600 800 0 0 0
1787958531.870 ack 10 9 timeout
1787958531.920 t 75 356007 31 130 91 9441 52 0 -103 40 130 0 23 927 3977 5000 5800 0 0 0
1787958531.992 t 76 356079 31 128 117 9726 52 0 -103 438 502 0 26 1241 4383 10000 10000 0 0 0
1787958532.065 thdr seq now flags x y h ox oy oh vl vr i2cf cyc posl posr dutl dutr lexc wrng cycovr
1787958532.075 t 77 356151 31 122 159 9955 52 0 -103 584 681 0 29 1811 5027 10000 10000 0 0 0
1787958532.139 t 78 356223 31 113 204 10268 52 0 -103 591 708 0 32 2427 5744 10000 10000 0 0 0
1787958532.208 t 79 356295 31 101 252 10534 52 0 -103 640 715 0 35 3080 6483 10000 10000 0 0 0
1787958532.279 t 80 356367 31 87 300 10757 52 0 -103 666 712 0 38 3755 7230 10000 10000 0 0 0
1787958532.352 t 81 356439 31 71 348 10918 52 0 -103 674 730 0 41 4450 7977 10000 10000 0 0 0
1787958532.425 t 82 356511 31 54 396 11085 52 0 -103 680 753 0 44 5152 8733 10000 10000 0 0 0
1787958532.495 t 83 356583 31 36 443 11203 52 0 -103 680 729 0 47 5858 9477 10000 10000 0 0 0
1787958532.566 t 84 356655 31 16 490 11314 52 0 -103 683 720 0 50 6561 10216 10000 10000 0 0 0
1787958532.639 t 85 356727 31 -4 536 11463 52 0 -103 689 729 0 53 7263 10966 10000 10000 0 0 0
1787958532.711 t 86 356799 31 -26 582 11556 52 0 -103 699 712 0 56 7972 11705 10000 10000 0 0 0
1787958532.790 t 87 356871 31 -48 629 11701 52 0 -103 680 721 0 59 8683 12463 10000 10000 0 0 0
1787958532.859 t 88 356943 31 -72 674 11822 52 0 -103 680 736 0 62 9394 13213 10000 10000 0 0 0
1787958532.927 t 89 357015 31 -96 719 11918 52 0 -103 689 722 0 65 10108 13958 10000 10000 0 0 0
1787958533.001 t 90 357087 31 -122 764 12045 52 0 -103 697 730 0 68 10825 14716 10000 10000 0 0 0
1787958533.071 t 91 357159 31 -148 808 12159 52 0 -103 695 730 0 71 11538 15466 10000 10000 0 0 0
1787958533.149 t 92 357231 31 -175 852 12261 52 0 -103 698 715 0 74 12261 16222 10000 10000 0 0 0
1787958533.219 t 93 357303 31 -203 895 12367 52 0 -103 707 739 0 77 12980 16975 10000 10000 0 0 0
1787958533.288 t 94 357375 31 -232 938 12450 52 0 -103 698 730 0 80 13700 17722 10000 10000 0 0 0
1787958533.359 t 95 357447 31 -262 980 12571 52 0 -103 705 739 0 83 14422 18483 10000 10000 0 0 0
1787958533.433 thdr seq now flags x y h ox oy oh vl vr i2cf cyc posl posr dutl dutr lexc wrng cycovr
1787958533.441 t 96 357519 31 -292 1022 12648 52 0 -103 706 730 0 86 15150 19236 10000 10000 0 0 0
1787958533.509 t 97 357591 31 -323 1064 12744 52 0 -103 681 731 0 89 15877 19994 10000 10000 0 0 0
1787958533.575 t 98 357663 31 -355 1105 12794 52 0 -103 698 730 0 92 16611 20744 10000 10000 0 0 0
1787958533.647 t 99 357735 31 -387 1146 12865 52 0 -103 721 730 0 95 17341 21497 10000 10000 0 0 0
1787958533.722 t 100 357807 31 -420 1187 12995 52 0 -103 704 748 0 98 18066 22264 10000 10000 0 0 0
1787958533.792 t 101 357879 31 -453 1227 13051 52 0 -103 715 730 0 101 18800 23016 10000 10000 0 0 0
1787958533.864 t 102 357951 31 -487 1266 13137 52 0 -103 712 730 0 104 19533 23777 10000 10000 0 0 0
1787958533.938 t 103 358023 31 -522 1305 13209 52 0 -103 704 730 0 107 20266 24533 10000 10000 0 0 0
1787958534.011 t 104 358095 31 -557 1344 13258 52 0 -103 716 721 0 110 21000 25283 10000 10000 0 0 0
1787958534.087 t 105 358167 31 -593 1382 13370 52 0 -103 707 735 0 113 21733 26052 10000 10000 0 0 0
1787958534.154 t 106 358239 31 -629 1420 13413 52 0 -103 715 730 0 116 22472 26805 10000 10000 0 0 0
1787958534.227 t 107 358311 31 -666 1458 13518 52 0 -103 712 739 0 119 23205 27572 10000 10000 0 0 0
1787958534.300 t 108 358383 31 -703 1495 13552 52 0 -103 712 739 0 122 23944 28322 10000 10000 0 0 0
1787958534.368 t 109 358455 31 -740 1531 13623 52 0 -103 713 747 0 125 24677 29078 10000 10000 0 0 0
1787958534.448 t 110 358527 31 -778 1567 13732 52 0 -103 715 747 0 128 25411 29847 10000 10000 0 0 0
1787958534.511 t 111 358599 31 -817 1603 13809 52 0 -103 716 753 0 131 26150 30611 10000 10000 0 0 0
1787958534.585 t 112 358671 31 -856 1638 13853 52 0 -103 721 729 0 134 26891 31366 10000 10000 0 0 0
1787958534.669 t 113 358743 31 -895 1673 13877 52 0 -103 706 730 0 137 27639 32122 10000 10000 0 0 0
1787958534.735 t 114 358815 31 -935 1708 13939 52 0 -103 721 746 0 140 28380 32883 10000 10000 0 0 0
1787958534.805 thdr seq now flags x y h ox oy oh vl vr i2cf cyc posl posr dutl dutr lexc wrng cycovr
1787958534.809 t 115 358887 31 -975 1742 14035 52 0 -103 712 730 0 143 29116 33650 10000 10000 0 0 0
1787958534.871 t 116 358959 31 -1016 1775 14075 52 0 -104 676 738 0 146 29864 34411 10000 10000 0 0 0
1787958534.928 t 117 359015 31 -1016 1775 14075 52 0 -104 676 738 0 146 29864 34411 10000 10000 0 0 0
1787958534.985 t 118 359071 31 -1016 1775 14075 52 0 -103 676 738 0 146 29864 34411 10000 10000 0 0 0
1787958535.045 t 119 359127 31 -1016 1775 14075 52 0 -103 676 738 0 146 29864 34411 10000 10000 0 0 0
1787958535.102 t 120 359183 31 -1016 1775 14075 52 0 -103 676 738 0 146 29864 34411 10000 10000 0 0 0
1787958535.153 t 121 359239 31 -1016 1775 14075 52 0 -103 676 738 0 146 29864 34411 10000 10000 0 0 0
1787958535.212 t 122 359295 31 -1016 1775 14075 52 0 -103 676 738 0 146 29864 34411 10000 10000 0 0 0
1787958535.272 t 123 359351 31 -1016 1775 14075 52 0 -103 676 738 0 146 29864 34411 10000 10000 0 0 0
1787958535.357 t 124 359408 31 -1016 1775 14075 52 0 -103 676 738 0 146 29864 34411 10000 10000 0 0 0
1787958535.381 t 125 359463 31 -1016 1775 14075 52 0 -103 676 738 0 146 29864 34411 10000 10000 0 0 0
1787958535.433 t 126 359519 31 -1016 1775 14075 52 0 -104 676 738 0 146 29864 34411 10000 10000 0 0 0
1787958535.492 t 127 359575 31 -1016 1775 14075 52 0 -104 676 738 0 146 29864 34411 10000 10000 0 0 0
1787958535.559 t 0 359631 31 -1016 1775 14075 52 0 -104 676 738 0 146 29864 34411 10000 10000 0 0 0
1787958535.601 t 1 359687 31 -1016 1775 14075 52 0 -104 676 738 0 146 29864 34411 10000 10000 0 0 0
1787958535.663 t 2 359743 31 -1016 1775 14075 52 0 -104 676 738 0 146 29864 34411 10000 10000 0 0 0
1787958535.716 t 3 359799 31 -1016 1775 14075 52 0 -104 676 738 0 146 29864 34411 10000 10000 0 0 0
1787958535.786 t 4 359855 31 -1016 1775 14075 52 0 -104 676 738 0 146 29864 34411 10000 10000 0 0 0
1787958535.856 t 5 359911 31 -1016 1775 14075 52 0 -104 676 738 0 146 29864 34411 10000 10000 0 0 0
1787958535.894 thdr seq now flags x y h ox oy oh vl vr i2cf cyc posl posr dutl dutr lexc wrng cycovr
1787958535.894 t 6 359967 31 -1016 1775 14075 52 0 -104 676 738 0 146 29864 34411 10000 10000 0 0 0
1787958535.932 t 7 360019 31 -1016 1775 14075 52 0 -104 676 738 0 146 29864 34411 10000 10000 0 0 0
1787958535.995 t 8 360075 31 -1016 1775 14075 52 0 -104 676 738 0 146 29864 34411 10000 10000 0 0 0
1787958536.045 t 9 360131 31 -1016 1775 14075 52 0 -104 676 738 0 146 29864 34411 10000 10000 0 0 0
1787958536.105 t 10 360188 31 -1016 1775 14075 52 0 -103 676 738 0 146 29864 34411 10000 10000 0 0 0
1787958536.156 t 11 360243 31 -1016 1775 14075 52 0 -103 676 738 0 146 29864 34411 10000 10000 0 0 0
1787958536.281 t 12 360299 31 -1016 1775 14075 52 0 -104 676 738 0 146 29864 34411 10000 10000 0 0 0
1787958536.281 t 13 360355 31 -1016 1775 14075 52 0 -104 676 738 0 146 29864 34411 10000 10000 0 0 0
1787958536.330 t 14 360411 31 -1016 1775 14075 52 0 -104 676 738 0 146 29864 34411 10000 10000 0 0 0
1787958536.382 t 15 360467 31 -1016 1775 14075 52 0 -104 676 738 0 146 29864 34411 10000 10000 0 0 0
1787958536.438 t 16 360523 31 -1016 1775 14075 52 0 -104 676 738 0 146 29864 34411 10000 10000 0 0 0
1787958536.493 t 17 360579 31 -1016 1775 14075 52 0 -104 676 738 0 146 29864 34411 10000 10000 0 0 0
1787958536.551 t 18 360635 31 -1016 1775 14075 52 0 -104 676 738 0 146 29864 34411 10000 10000 0 0 0
1787958536.604 t 19 360691 31 -1016 1775 14075 52 0 -104 676 738 0 146 29864 34411 10000 10000 0 0 0
1787958536.662 t 20 360747 31 -1016 1775 14075 52 0 -104 676 738 0 146 29864 34411 10000 10000 0 0 0
1787958536.713 >>> STATUS
1787958536.716 t 21 360803 31 -1016 1775 14075 52 0 -104 676 738 0 146 29864 34411 10000 10000 0 0 0
1787958536.735 status ready=1 active=1 connL=1 connR=1 otos=1 wedge=0 flags=31 i2cf=0 cyc=146 tlm=full next=11 done=10 reason=timeout
1787958536.773 t 22 360859 31 -1016 1775 14075 52 0 -104 676 738 0 146 29864 34411 10000 10000 0 0 0
1787958536.828 t 23 360916 31 -1016 1775 14075 52 0 -104 676 738 0 146 29864 34411 10000 10000 0 0 0
1787958536.892 t 24 360971 31 -1016 1775 14075 52 0 -104 676 738 0 146 29864 34411 10000 10000 0 0 0
1787958536.958 thdr seq now flags x y h ox oy oh vl vr i2cf cyc posl posr dutl dutr lexc wrng cycovr
1787958536.958 t 25 361027 31 -1016 1775 14075 52 0 -104 676 738 0 146 29864 34411 10000 10000 0 0 0
1787958536.995 t 26 361079 31 -1016 1775 14075 52 0 -104 676 738 0 146 29864 34411 10000 10000 0 0 0
1787958537.048 t 27 361135 31 -1016 1775 14075 52 0 -104 676 738 0 146 29864 34411 10000 10000 0 0 0
1787958537.106 t 28 361191 31 -1016 1775 14075 52 0 -104 676 738 0 146 29864 34411 10000 10000 0 0 0
1787958537.163 t 29 361247 31 -1016 1775 14075 52 0 -104 676 738 0 146 29864 34411 10000 10000 0 0 0
1787958537.217 t 30 361303 31 -1016 1775 14075 52 0 -104 676 738 0 146 29864 34411 10000 10000 0 0 0
1787958537.275 t 31 361359 31 -1016 1775 14075 52 0 -104 676 738 0 146 29864 34411 10000 10000 0 0 0
1787958537.330 t 32 361415 31 -1016 1775 14075 52 0 -104 676 738 0 146 29864 34411 10000 10000 0 0 0
1787958537.384 t 33 361471 31 -1016 1775 14075 52 0 -104 676 738 0 146 29864 34411 10000 10000 0 0 0
1787958537.440 t 34 361527 31 -1016 1775 14075 52 0 -104 676 738 0 146 29864 34411 10000 10000 0 0 0
1787958537.503 t 35 361583 31 -1016 1775 14075 52 0 -104 676 738 0 146 29864 34411 10000 10000 0 0 0
1787958537.554 t 36 361639 31 -1016 1775 14075 52 0 -104 676 738 0 146 29864 34411 10000 10000 0 0 0
1787958537.611 t 37 361696 31 -1016 1775 14075 52 0 -104 676 738 0 146 29864 34411 10000 10000 0 0 0
1787958537.674 t 38 361751 31 -1016 1775 14075 52 0 -104 676 738 0 146 29864 34411 10000 10000 0 0 0
1787958538.780 t 39 361807 31 -1016 1775 14075 52 0 -104 676 738 0 146 29864 34411 10000 10000 0 0 0
1787958538.781 t 40 361863 31 -1016 1775 14075 52 0 -104 676 738 0 146 29864 34411 10000 10000 0 0 0
1787958538.782 t 41 361919 31 -1016 1775 14075 52 0 -104 676 738 0 146 29864 34411 10000 10000 0 0 0
1787958538.782 t 42 361975 31 -1016 1775 14075 52 0 -104 676 738 0 146 29864 34411 10000 10000 0 0 0
1787958538.782 t 43 362031 31 -1016 1775 14075 52 0 -104 676 738 0 146 29864 34411 10000 10000 0 0 0
1787958538.782 thdr seq now flags x y h ox oy oh vl vr i2cf cyc posl posr dutl dutr lexc wrng cycovr
1787958538.782 t 44 362087 31 -1016 1775 14075 52 0 -104 676 738 0 146 29864 34411 10000 10000 0 0 0
1787958538.782 t 45 362139 31 -1016 1775 14075 52 0 -104 676 738 0 146 29864 34411 10000 10000 0 0 0
1787958538.782 t 46 362195 31 -1016 1775 14075 52 0 -104 676 738 0 146 29864 34411 10000 10000 0 0 0
1787958538.782 t 47 362251 31 -1016 1775 14075 52 0 -104 676 738 0 146 29864 34411 10000 10000 0 0 0
1787958538.782 t 48 362307 31 -1016 1775 14075 52 0 -104 676 738 0 146 29864 34411 10000 10000 0 0 0
1787958538.782 t 49 362363 31 -1016 1775 14075 52 0 -104 676 738 0 146 29864 34411 10000 10000 0 0 0
1787958538.782 t 50 362419 31 -1016 1775 14075 52 0 -104 676 738 0 146 29864 34411 10000 10000 0 0 0
1787958538.782 t 51 362476 31 -1016 1775 14075 52 0 -104 676 738 0 146 29864 34411 10000 10000 0 0 0
1787958538.783 t 52 362531 31 -1016 1775 14075 52 0 -104 676 738 0 146 29864 34411 10000 10000 0 0 0
1787958538.783 t 53 362587 31 -1016 1775 14075 52 0 -104 676 738 0 146 29864 34411 10000 10000 0 0 0
1787958538.783 t 54 362643 31 -1016 1775 14075 52 0 -104 676 738 0 146 29864 34411 10000 10000 0 0 0
1787958538.783 t 55 362699 31 -1016 1775 14075 52 0 -104 676 738 0 146 29864 34411 10000 10000 0 0 0
1787958538.783 t 56 362755 31 -1016 1775 14075 52 0 -104 676 738 0 146 29864 34411 10000 10000 0 0 0
1787958538.785 t 57 362811 31 -1016 1775 14075 52 0 -104 676 738 0 146 29864 34411 10000 10000 0 0 0
1787958538.785 t 58 362867 31 -1016 1775 14075 52 0 -104 676 738 0 146 29864 34411 10000 10000 0 0 0
1787958538.841 t 59 362923 31 -1016 1775 14075 52 0 -104 676 738 0 146 29864 34411 10000 10000 0 0 0
1787958538.891 t 60 362979 31 -1016 1775 14075 52 0 -104 676 738 0 146 29864 34411 10000 10000 0 0 0
1787958538.950 t 61 363035 31 -1016 1775 14075 52 0 -104 676 738 0 146 29864 34411 10000 10000 0 0 0
1787958539.005 t 62 363091 31 -1016 1775 14075 52 0 -104 676 738 0 146 29864 34411 10000 10000 0 0 0
1787958539.062 thdr seq now flags x y h ox oy oh vl vr i2cf cyc posl posr dutl dutr lexc wrng cycovr
1787958539.076 t 63 363147 31 -1016 1775 14075 52 0 -104 676 738 0 146 29864 34411 10000 10000 0 0 0
1787958539.117 t 64 363199 31 -1016 1775 14075 52 0 -104 676 738 0 146 29864 34411 10000 10000 0 0 0
1787958539.174 t 65 363256 31 -1016 1775 14075 52 0 -104 676 738 0 146 29864 34411 10000 10000 0 0 0
1787958539.229 t 66 363311 31 -1016 1775 14075 52 0 -104 676 738 0 146 29864 34411 10000 10000 0 0 0
1787958539.283 t 67 363367 31 -1016 1775 14075 52 0 -104 676 738 0 146 29864 34411 10000 10000 0 0 0
1787958539.350 t 68 363423 31 -1016 1775 14075 52 0 -104 676 738 0 146 29864 34411 10000 10000 0 0 0
1787958539.405 t 69 363479 31 -1016 1775 14075 52 0 -104 676 738 0 146 29864 34411 10000 10000 0 0 0
1787958539.453 t 70 363535 31 -1016 1775 14075 52 0 -104 676 738 0 146 29864 34411 10000 10000 0 0 0
1787958539.506 t 71 363591 31 -1016 1775 14075 52 0 -104 676 738 0 146 29864 34411 10000 10000 0 0 0
1787958539.562 t 72 363647 31 -1016 1775 14075 52 0 -104 676 738 0 146 29864 34411 10000 10000 0 0 0
1787958539.617 t 73 363703 31 -1016 1775 14075 52 0 -104 676 738 0 146 29864 34411 10000 10000 0 0 0
1787958539.671 t 74 363759 31 -1016 1775 14075 52 0 -104 676 738 0 146 29864 34411 10000 10000 0 0 0
1787958539.728 t 75 363815 31 -1016 1775 14075 52 0 -104 676 738 0 146 29864 34411 10000 10000 0 0 0
1787958539.782 === RUN REV
1787958539.782 >>> WHEELS_V -2000 -2000 3000 #11
1787958539.785 t 76 363871 31 -1016 1775 14075 52 0 -104 676 738 0 146 29864 34411 10000 10000 0 0 0
1787958539.793 ack 11 10 timeout
1787958539.857 t 77 363939 31 -1038 1849 7275 52 0 -104 -35 0 1 148 32061 34411 -5000 0 0 0 0
1787958539.924 t 78 364011 31 -1037 1860 10076 52 0 -104 -438 502 1 151 31761 35016 -10000 -2500 0 0 0
1787958539.995 t 79 364083 31 -1029 1843 11967 52 0 -104 -584 -228 1 154 31189 35055 -10000 -10000 0 0 0
1787958540.068 t 80 364155 31 -1008 1810 12435 52 0 -103 -633 -525 1 157 30555 34572 -10000 -10000 0 0 0
1787958540.145 t 81 364227 31 -980 1771 12521 52 0 -104 -683 -695 1 160 29866 33911 -10000 -10000 0 0 0
1787958540.211 thdr seq now flags x y h ox oy oh vl vr i2cf cyc posl posr dutl dutr lexc wrng cycovr
1787958540.221 t 82 364299 31 -951 1730 12484 52 0 -104 -698 -721 1 163 29150 33183 -10000 -10000 0 0 0
1787958540.284 t 83 364371 31 -922 1687 12460 52 0 -104 -668 -731 1 166 28416 32441 -10000 -10000 0 0 0
1787958540.357 t 84 364443 31 -892 1644 12379 52 0 -103 -704 -730 1 169 27689 31688 -10000 -10000 0 0 0
1787958540.431 t 85 364515 31 -863 1602 12373 52 0 -103 -715 -715 1 172 26952 30949 -10000 -10000 0 0 0
1787958540.503 t 86 364587 31 -835 1558 12305 52 0 -104 -721 -745 1 175 26219 30194 -10000 -10000 0 0 0
1787958540.578 t 87 364659 31 -806 1515 12261 52 0 -104 -730 -729 1 178 25483 29444 -10000 -10000 0 0 0
1787958540.649 t 88 364731 31 -778 1470 12209 52 0 -104 -730 -729 1 181 24744 28688 -10000 -10000 0 0 0
1787958540.718 t 89 364803 31 -751 1426 12122 52 0 -104 -714 -721 1 184 24011 27927 -10000 -10000 0 0 0
1787958540.791 t 90 364875 31 -723 1381 12073 52 0 -104 -712 -744 1 187 23272 27172 -10000 -10000 0 0 0
1787958540.862 t 91 364947 31 -697 1336 11986 52 0 -104 -730 -780 1 190 22533 26405 -10000 -10000 0 0 0
1787958540.931 t 92 365019 31 -670 1290 11933 52 0 -104 -716 -731 1 193 21794 25649 -10000 -10000 0 0 0
1787958541.007 t 93 365091 31 -645 1244 11881 52 0 -104 -721 -747 1 196 21050 24888 -10000 -10000 0 0 0
1787958541.082 t 94 365163 31 -619 1198 11837 52 0 -103 -681 -739 1 199 20300 24124 -10000 -10000 0 0 0
1787958541.151 t 95 365235 31 -594 1152 11825 52 0 -103 -730 -721 1 202 19552 23372 -10000 -10000 0 0 0
1787958541.230 t 96 365307 31 -569 1105 11735 52 0 -103 -730 -779 1 205 18808 22599 -10000 -10000 0 0 0
1787958541.301 t 97 365379 31 -545 1058 11701 52 0 -103 -730 -730 1 208 18061 21841 -10000 -10000 0 0 0
1787958541.368 t 98 365451 31 -521 1011 11676 52 0 -104 -720 -744 1 211 17311 21083 -10000 -10000 0 0 0
1787958541.436 t 99 365523 31 -497 963 11633 52 0 -104 -730 -739 1 214 16561 20319 -10000 -10000 0 0 0
1787958541.508 t 100 365595 31 -473 916 11605 52 0 -104 -729 -747 1 217 15811 19560 -10000 -10000 0 0 0
1787958541.578 thdr seq now flags x y h ox oy oh vl vr i2cf cyc posl posr dutl dutr lexc wrng cycovr
1787958541.587 t 101 365667 31 -450 868 11537 52 0 -104 -730 -770 1 220 15061 18788 -10000 -10000 0 0 0
1787958541.653 t 102 365739 31 -427 820 11531 52 0 -104 -718 -743 1 223 14302 18027 -10000 -10000 0 0 0
1787958541.727 t 103 365811 31 -404 773 11515 52 0 -103 -738 -729 1 226 13552 17272 -10000 -10000 0 0 0
1787958541.803 t 104 365883 31 -382 724 11435 52 0 -103 -730 -739 1 229 12805 16499 -10000 -10000 0 0 0
1787958541.870 t 105 365955 31 -360 676 11426 52 0 -103 -736 -739 1 232 12050 15741 -10000 -10000 0 0 0
1787958541.944 t 106 366027 31 -338 627 11367 52 0 -103 -747 -779 1 235 11294 14966 -10000 -10000 0 0 0
1787958542.014 t 107 366099 31 -316 578 11358 52 0 -103 -745 -744 1 238 10536 14205 -10000 -10000 0 0 0
1787958542.085 t 108 366171 31 -295 530 11348 52 0 -104 -716 -730 1 241 9780 13446 -10000 -10000 0 0 0
1787958542.157 t 109 366243 31 -274 481 11333 52 0 -103 -747 -739 1 244 9016 12677 -10000 -10000 0 0 0
1787958542.229 t 110 366315 31 -253 432 11314 52 0 -103 -744 -739 1 247 8261 11916 -10000 -10000 0 0 0
1787958542.300 t 111 366387 31 -232 382 11262 52 0 -104 -736 -771 1 250 7500 11138 -10000 -10000 0 0 0
1787958542.372 t 112 366459 31 -211 333 11265 52 0 -104 -738 -747 1 253 6738 10377 -10000 -10000 0 0 0
1787958542.447 t 113 366531 31 -190 284 11255 52 0 -104 -730 -730 1 256 5983 9619 -10000 -10000 0 0 0
1787958542.532 t 114 366603 31 -170 235 11212 52 0 -103 -725 -739 1 259 5227 8849 -10000 -10000 0 0 0
1787958542.588 t 115 366675 31 -150 185 11197 52 0 -103 -738 -744 1 262 4466 8083 -10000 -10000 0 0 0
1787958542.666 t 116 366747 31 -129 135 11193 52 0 -103 -762 -770 1 265 3694 7310 -10000 -10000 0 0 0
1787958542.752 t 117 366819 31 -109 86 11169 52 0 -104 -739 -730 1 268 2941 6549 -10000 -10000 0 0 0
1787958542.807 t 118 366891 31 -89 37 11159 52 0 -104 -730 -730 1 271 2183 5788 -10000 -10000 0 0 0
1787958542.860 t 119 366947 31 -89 37 11159 52 0 -103 -730 -730 1 271 2183 5788 -10000 -10000 0 0 0
1787958542.916 thdr seq now flags x y h ox oy oh vl vr i2cf cyc posl posr dutl dutr lexc wrng cycovr
1787958542.930 t 120 367003 31 -89 37 11159 52 0 -103 -730 -730 1 271 2183 5788 -10000 -10000 0 0 0
1787958542.967 t 121 367055 31 -89 37 11159 52 0 -104 -730 -730 1 271 2183 5788 -10000 -10000 0 0 0
1787958543.033 t 122 367111 31 -89 37 11159 52 0 -104 -730 -730 1 271 2183 5788 -10000 -10000 0 0 0
1787958543.078 t 123 367167 31 -89 37 11159 52 0 -104 -730 -730 1 271 2183 5788 -10000 -10000 0 0 0
1787958543.136 t 124 367223 31 -89 37 11159 52 0 -104 -730 -730 1 271 2183 5788 -10000 -10000 0 0 0
1787958543.192 t 125 367279 31 -89 37 11159 52 0 -104 -730 -730 1 271 2183 5788 -10000 -10000 0 0 0
1787958543.247 t 126 367335 31 -89 37 11159 52 0 -104 -730 -730 1 271 2183 5788 -10000 -10000 0 0 0
1787958543.304 t 127 367391 31 -89 37 11159 52 0 -103 -730 -730 1 271 2183 5788 -10000 -10000 0 0 0
1787958543.360 t 0 367447 31 -89 37 11159 52 0 -103 -730 -730 1 271 2183 5788 -10000 -10000 0 0 0
1787958543.419 t 1 367503 31 -89 37 11159 52 0 -103 -730 -730 1 271 2183 5788 -10000 -10000 0 0 0
1787958543.477 t 2 367559 31 -89 37 11159 52 0 -103 -730 -730 1 271 2183 5788 -10000 -10000 0 0 0
1787958543.527 t 3 367615 31 -89 37 11159 52 0 -104 -730 -730 1 271 2183 5788 -10000 -10000 0 0 0
1787958543.585 t 4 367671 31 -89 37 11159 52 0 -104 -730 -730 1 271 2183 5788 -10000 -10000 0 0 0
1787958543.644 t 5 367728 31 -89 37 11159 52 0 -104 -730 -730 1 271 2183 5788 -10000 -10000 0 0 0
1787958543.696 t 6 367783 31 -89 37 11159 52 0 -104 -730 -730 1 271 2183 5788 -10000 -10000 0 0 0
1787958543.750 t 7 367839 31 -89 37 11159 52 0 -104 -730 -730 1 271 2183 5788 -10000 -10000 0 0 0
1787958543.808 t 8 367895 31 -89 37 11159 52 0 -104 -730 -730 1 271 2183 5788 -10000 -10000 0 0 0
1787958543.863 t 9 367951 31 -89 37 11159 52 0 -104 -730 -730 1 271 2183 5788 -10000 -10000 0 0 0
1787958543.923 t 10 368007 31 -89 37 11159 52 0 -104 -730 -730 1 271 2183 5788 -10000 -10000 0 0 0
1787958543.975 thdr seq now flags x y h ox oy oh vl vr i2cf cyc posl posr dutl dutr lexc wrng cycovr
1787958543.985 t 11 368063 31 -89 37 11159 52 0 -104 -730 -730 1 271 2183 5788 -10000 -10000 0 0 0
1787958544.027 t 12 368115 31 -89 37 11159 52 0 -104 -730 -730 1 271 2183 5788 -10000 -10000 0 0 0
1787958544.086 t 13 368171 31 -89 37 11159 52 0 -104 -730 -730 1 271 2183 5788 -10000 -10000 0 0 0
1787958544.139 t 14 368227 31 -89 37 11159 52 0 -104 -730 -730 1 271 2183 5788 -10000 -10000 0 0 0
1787958544.195 t 15 368283 31 -89 37 11159 52 0 -104 -730 -730 1 271 2183 5788 -10000 -10000 0 0 0
1787958544.259 t 16 368339 31 -89 37 11159 52 0 -104 -730 -730 1 271 2183 5788 -10000 -10000 0 0 0
1787958544.308 t 17 368395 31 -89 37 11159 52 0 -104 -730 -730 1 271 2183 5788 -10000 -10000 0 0 0
1787958544.367 t 18 368451 31 -89 37 11159 52 0 -104 -730 -730 1 271 2183 5788 -10000 -10000 0 0 0
1787958544.428 t 19 368508 31 -89 37 11159 52 0 -104 -730 -730 1 271 2183 5788 -10000 -10000 0 0 0
1787958544.478 t 20 368563 31 -89 37 11159 52 0 -104 -730 -730 1 271 2183 5788 -10000 -10000 0 0 0
1787958544.531 t 21 368619 31 -89 37 11159 52 0 -104 -730 -730 1 271 2183 5788 -10000 -10000 0 0 0
1787958544.591 t 22 368675 31 -89 37 11159 52 0 -104 -730 -730 1 271 2183 5788 -10000 -10000 0 0 0
1787958544.645 t 23 368731 31 -89 37 11159 52 0 -104 -730 -730 1 271 2183 5788 -10000 -10000 0 0 0
1787958544.650 >>> STATUS
1787958544.670 status ready=1 active=1 connL=1 connR=1 otos=1 wedge=0 flags=31 i2cf=1 cyc=271 tlm=full next=12 done=11 reason=timeout
1787958544.701 t 24 368787 31 -89 37 11159 52 0 -104 -730 -730 1 271 2183 5788 -10000 -10000 0 0 0
1787958544.758 t 25 368843 31 -89 37 11159 52 0 -104 -730 -730 1 271 2183 5788 -10000 -10000 0 0 0
1787958544.874 t 26 368899 31 -89 37 11159 52 0 -104 -730 -730 1 271 2183 5788 -10000 -10000 0 0 0
1787958544.881 t 27 368955 31 -89 37 11159 52 0 -104 -730 -730 1 271 2183 5788 -10000 -10000 0 0 0
1787958544.926 t 28 369011 31 -89 37 11159 52 0 -104 -730 -730 1 271 2183 5788 -10000 -10000 0 0 0
1787958544.980 t 29 369067 31 -89 37 11159 52 0 -104 -730 -730 1 271 2183 5788 -10000 -10000 0 0 0
1787958545.041 thdr seq now flags x y h ox oy oh vl vr i2cf cyc posl posr dutl dutr lexc wrng cycovr
1787958545.044 t 30 369123 31 -89 37 11159 52 0 -104 -730 -730 1 271 2183 5788 -10000 -10000 0 0 0
1787958545.090 t 31 369175 31 -89 37 11159 52 0 -104 -730 -730 1 271 2183 5788 -10000 -10000 0 0 0
1787958545.143 t 32 369231 31 -89 37 11159 52 0 -104 -730 -730 1 271 2183 5788 -10000 -10000 0 0 0
1787958545.201 t 33 369288 31 -89 37 11159 52 0 -104 -730 -730 1 271 2183 5788 -10000 -10000 0 0 0
1787958545.256 t 34 369343 31 -89 37 11159 52 0 -104 -730 -730 1 271 2183 5788 -10000 -10000 0 0 0
1787958545.315 t 35 369399 31 -89 37 11159 52 0 -104 -730 -730 1 271 2183 5788 -10000 -10000 0 0 0
1787958545.370 t 36 369455 31 -89 37 11159 52 0 -104 -730 -730 1 271 2183 5788 -10000 -10000 0 0 0
1787958545.424 t 37 369511 31 -89 37 11159 52 0 -104 -730 -730 1 271 2183 5788 -10000 -10000 0 0 0
1787958545.487 t 38 369567 31 -89 37 11159 52 0 -104 -730 -730 1 271 2183 5788 -10000 -10000 0 0 0
1787958545.534 t 39 369623 31 -89 37 11159 52 0 -104 -730 -730 1 271 2183 5788 -10000 -10000 0 0 0
1787958545.591 t 40 369679 31 -89 37 11159 52 0 -104 -730 -730 1 271 2183 5788 -10000 -10000 0 0 0
1787958545.650 t 41 369735 31 -89 37 11159 52 0 -104 -730 -730 1 271 2183 5788 -10000 -10000 0 0 0
1787958545.660 >>> STOP #12
1787958545.674 ack 12 11 timeout
1787958545.703 t 42 369791 31 -89 37 11159 52 0 -104 -730 -730 1 271 2183 5788 -10000 -10000 0 0 0
1787958545.759 t 43 369847 31 -89 37 11159 52 0 -104 -730 -730 1 271 2183 5788 -10000 -10000 0 0 0
1787958545.814 t 44 369903 31 -89 37 11159 52 0 -104 -730 -730 1 271 2183 5788 -10000 -10000 0 0 0
1787958545.870 t 45 369959 31 -89 37 11159 52 0 -104 -730 -730 1 271 2183 5788 -10000 -10000 0 0 0
1787958545.930 t 46 370016 31 -89 37 11159 52 0 -104 -730 -730 1 271 2183 5788 -10000 -10000 0 0 0
1787958545.986 t 47 370071 31 -89 37 11159 52 0 -104 -730 -730 1 271 2183 5788 -10000 -10000 0 0 0
1787958546.038 t 48 370127 31 -89 37 11159 52 0 -104 -730 -730 1 271 2183 5788 -10000 -10000 0 0 0
1787958546.102 thdr seq now flags x y h ox oy oh vl vr i2cf cyc posl posr dutl dutr lexc wrng cycovr
1787958546.104 t 49 370183 31 -89 37 11159 52 0 -104 -730 -730 1 271 2183 5788 -10000 -10000 0 0 0
1787958546.146 t 50 370235 31 -89 37 11159 52 0 -104 -730 -730 1 271 2183 5788 -10000 -10000 0 0 0
1787958546.206 t 51 370291 31 -89 37 11159 52 0 -104 -730 -730 1 271 2183 5788 -10000 -10000 0 0 0
1787958546.259 t 52 370347 31 -89 37 11159 52 0 -104 -730 -730 1 271 2183 5788 -10000 -10000 0 0 0
1787958546.314 t 53 370403 31 -89 37 11159 52 0 -104 -730 -730 1 271 2183 5788 -10000 -10000 0 0 0
1787958546.373 t 54 370459 31 -89 37 11159 52 0 -104 -730 -730 1 271 2183 5788 -10000 -10000 0 0 0
1787958546.427 t 55 370515 31 -89 37 11159 52 0 -104 -730 -730 1 271 2183 5788 -10000 -10000 0 0 0
1787958546.483 t 56 370571 31 -89 37 11159 52 0 -104 -730 -730 1 271 2183 5788 -10000 -10000 0 0 0
1787958546.540 t 57 370627 31 -89 37 11159 52 0 -104 -730 -730 1 271 2183 5788 -10000 -10000 0 0 0
1787958546.595 t 58 370683 31 -89 37 11159 52 0 -104 -730 -730 1 271 2183 5788 -10000 -10000 0 0 0
1787958546.651 t 59 370739 31 -89 37 11159 52 0 -104 -730 -730 1 271 2183 5788 -10000 -10000 0 0 0
1787958546.705 >>> TLM OFF #13
1787958546.719 t 60 370796 31 -89 37 11159 52 0 -104 -730 -730 1 271 2183 5788 -10000 -10000 0 0 0
1787958546.720 ack 13 11 timeout
1787958547.726 >>> STATUS
1787958547.753 status ready=1 active=1 connL=1 connR=1 otos=1 wedge=0 flags=31 i2cf=1 cyc=271 tlm=off next=14 done=11 reason=timeout
